  0.766090293116572        4.72603171953498        4.52525181330147     
  -3.19893745408351        1.64254361124383        6.89842039443020     
   10.2628947910305       -1.22351771462010        2.13140743914269     
   3.81850045494029        1.65665399031779        4.67054806598457     
   6.52155304119151       -3.16578096197742       1.423747348009281E-002
   3.50539459098931        5.18022367079728        4.14218024135312     
  -2.22605946097777       -2.63997784335303       -2.86451230903366     
   1.58250867296571        9.57566106138559        2.10734899739310     
   4.09498894081983        6.07676327468191       -5.61072560856968     
  -2.32750880082755      -0.146618402912200        2.39199492082755     
   3.93598117361053        6.29731046004440       -2.55189949483748     
   3.03438561420129       -1.35818352787372        4.44871468580815     
   12.1742646186992        4.02433837260232        2.65074861203928     
  0.722655666456679     
