   6.47310769259836        1.21924905237083       0.912922528898946     
   4.53674088103703        6.86598964207039        1.73375039745500     
   2.85840062176972       0.563637075779837        1.38373394606358     
   5.54893305443021        3.75181405301629       -1.22955530594162     
   3.78865214190155        7.34423339796708       -1.10115109457683     
  -3.37071911030517       -1.21791183361260       0.788773738371621     
   3.44041608572261        6.71986376068755       -1.50214658207143     
   5.69069752002008        5.24834700828818        3.92500868631912     
   7.21225090046900        1.11596061795980        1.76888018067002     
   6.30084748465143       -2.58773552279060       -3.92222788332115     
  -1.74785930248278       -1.18041889329129        6.36437085956064     
   3.15033023216198       -4.84580016601876        2.92492981869588     
  0.557924855674981        2.71879850153415        3.38403474052210     
   3.49546602828714     
   6.06490108733935       0.716211128882176        1.23426859687557     
   5.06922032793852        7.08870041834774        1.39189822977733     
   2.67711611140286       0.979865775290679        1.86773998606284     
   5.93178929252542        3.23250887089009       -1.06029890001872     
   3.82971444649156        7.25089382368900       -2.93231671174115     
  -1.90993600159019       -1.08637217248634       0.829282463265373     
   4.01475943863815        6.52561977428853      -0.323866442176534     
   5.88344475319778        6.87476985163529        4.45072668976032     
   6.23401634587154       0.747880142054890        2.09441069050717     
   6.05228408695040       -3.51913031558998       -2.11267698608404     
  -1.48110341748049       -1.42030566233455        6.21155264863667     
   2.39285785766595       -4.57493509292771        3.54250312503114     
   2.19032533090702        3.05364610107158        4.01999171762021     
   4.37921312144888     
   5.31004214339826       0.187177026986412        1.60288651238679     
   5.72320855246426        7.10045886067057       0.813776842864838     
   2.66349795111945        1.50337368005395        2.42376894567726     
   6.25465673556564        2.58560787592729      -0.888666373867312     
   3.88446526382265        6.85276425707017       -4.01389255401788     
  8.761640317322766E-003 -0.792771285923193       0.977898108299048     
   4.58293416508497        6.50000028535686       0.658041446153747     
   6.05091048054641        8.24211751303623        4.51113648802148     
   4.82745451969105       0.535325221295528        2.44044537692861     
   5.71209637083501       -3.89734534106398      -0.255560166368891     
  -1.09964547343765       -1.38056994715555        6.11166066073745     
   1.82779725618501       -4.17261425488813        3.61047684275088     
   3.86655148914330        3.44686492881570        4.53501841185426     
   5.11932221670940     
   4.24170005734807      -0.220732108329163        1.95837677166541     
   6.49380577680426        6.79147833479272       7.073726162336150E-002
   2.85695522684894        2.17685729760091        3.06698271246677     
   6.43480922214938        1.80465389790855      -0.668044897098471     
   3.96685704568267        6.29798030230665       -4.32687627605574     
   1.89836871467373      -5.421631982201448E-002   1.27746161404114     
   5.17903931754729        6.61545376405951        1.47792423294276     
   6.31541243286107        9.22560892781639        3.81854757414037     
   3.33561863473832       0.622436221577681        2.79978828695607     
   5.30518989923568       -3.81263205270100        1.39817828253173     
 -0.528378081827596       -1.10005365508132        6.10290977434868     
   1.37578294840984       -3.73376623297833        3.28546069050459     
   5.41450932914626        4.00675129930170        4.87863361717975     
   5.55568939739025     
   3.03532200621821      -0.389058319297642        2.24797145970775     
   7.31478084231451        6.07391825815151      -0.716063455619787     
   3.21324572635215        3.06597427273858        3.78553420538846     
   6.34774171107069       0.920812368932897      -0.356578112483353     
   4.09528337853683        5.70022655727489       -4.07164528719041     
   3.37870695921487        1.13907961595648        1.72053882482742     
   5.81431752215083        6.82541486802404        2.17283954362884     
   6.69488986528434        9.61991935740197        2.33447942817089     
   2.28690720331762        1.00517840622638        3.19325357645963     
   4.83913837869346       -3.41414608481602        2.69893059577769     
  0.216403569508021      -0.643786258718545        6.18480600857420     
  0.960812140369505       -3.28922393581904        2.72133571074134     
   6.75136175472348        4.82977216206473        4.96381422399476     
   5.53862563851312     
 -0.199945288135811       -1.05513475905423        1.40219847242746     
   7.88458000856281        5.73057516517692       -2.16480827526047     
   4.07263365914714        3.15672423877667        4.82060571834156     
   6.89902884661804      -0.593084590873461      -0.560144974064834     
   3.57981098340129        6.52253218942745       -2.55406178730765     
   2.97659217933684        1.80780136368245        3.43160454743402     
   6.75840334170496        4.85400183971477       0.757096298472511     
   4.09947195903203        8.96046046424365        3.37992183630733     
   1.64901468891019        1.60605459461633        5.16545932968341     
   4.00213922424420       -2.75962905265153        4.19222265207021     
   2.78569918123975       0.394999249544731        5.94831656195144     
 -0.390100367496297       -3.16327355269502        2.98893268726482     
   7.14357712997975        2.71061514275267        5.76991083460523     
   10.0916317957831     
  -2.78709589051839       3.552741906449058E-002   1.51366179341596     
   8.32914935357478        4.37919868842681       -2.56927771765806     
   4.42371117541618        5.01507023553726        5.42339200237864     
   5.66476545894236       -1.79424548051530       6.154013481970960E-002
   3.75339580361541        6.27377062690605       -2.07599440043545     
   3.71879813578972        3.16423231320540        4.14193927811915     
   7.22385290716723        3.98492217986197       0.568336918108085     
   4.48914531391428        9.42662596736210        2.29377129080661     
  0.977649412774209        2.11718753398660        5.55877626372450     
   3.08875280258717       -2.36073418011943        4.46238544136604     
   3.78821257844478        1.07244089265175        5.95026680979577     
 -0.964879687737515       -2.45448537228489        2.14989002402662     
   8.01383633728765        4.30673451360698        6.22001348149771     
   8.54708748447621     
  -4.16559470504066        1.40283453922054        2.33100972770212     
   8.60776955202015        2.73330879271164       -2.71314677423672     
   4.32870421913578        6.98765306817959        5.65874695021964     
   3.58853441238376       -2.46827260153045       0.570008212019918     
   4.14828145300436        5.99636948099160       -1.52590559825687     
   4.17480584957304        4.68163138252863        5.00453213685201     
   7.18786727167828        2.80371695363781       0.548684477578726     
   4.87097944249800        9.64022550840349       0.833494516181966     
  0.814304334193703        2.62445810192712        5.92728914729733     
   2.10590374108110       -1.96382190921115        4.50659815056403     
   4.82659613802489        1.74255094243210        5.71333405374283     
  -1.46967652420380       -1.65279495410088        1.52407172697805     
   8.70909268065703        6.33596319052208        6.04070084433733     
   5.87286764851365     
  -4.31392884036140        2.05011705983353        3.80096146091807     
   8.59641326483471       0.640999886909365       -2.51869316867658     
   3.76146677618147        8.70202438763178        5.13524046755407     
   1.07904426238157       -2.45977921021274       0.726036798949769     
   4.66290740048676        5.72416122109445       -1.03703250489074     
   4.43632044048566        6.30884165266666        5.87153433834221     
   6.37451467934963        1.49947044111630       0.769113806934991     
   5.30576407022945        9.46113114326028      -0.694279601029630     
   1.19050481570403        3.22016598570413        6.16190164110266     
   1.06140939479730       -1.55113248155649        4.40616642121033     
   5.86146669750591        2.35562941773862        5.16502952443330     
  -1.83457103412273      -0.799253697975237        1.25512496344736     
   9.28777264525739        8.23985702147228        4.49599097467036     
   2.96587186271905     
  -3.45443810026772        1.57763904449650        3.91601173507776     
   8.15336269882872       0.228004001375649       -2.97099321070848     
   2.47564942134650        9.94378533545927        4.44534560942431     
  -1.15410041543768       -1.43594548453534       0.683051032787045     
   5.46431638234284        5.01917851549539       -1.41651053506658     
   4.51241021680025        7.80770019747808        5.53316084083687     
   4.06590627580411       0.340141890728413       0.885523746237944     
   5.35860034325868        9.32937471686493       -2.04499878792931     
   1.84139819578419        4.60972849544244        5.83974634436111     
  -2.28610325597898       -2.92094754074080        2.57860982649802     
   7.97054924550239        4.09554337142060        5.13599706354165     
  -3.34284503968501       2.902558724506267E-002   1.15607202735557     
   10.6841082812813        8.45143330791523        1.59313041765116     
   1.34596602304477     
  -2.72220540499845        1.47823903426755        4.98695931181804     
   7.64406108255781       -2.08081341267458       -2.10082234278864     
   1.38691740840881        10.4855124099704        2.70976291395654     
  -2.64002169435549      -0.654374623575147       0.705820126004638     
   5.83108086343514        4.67137976524492       -1.17767580065915     
   4.49690011026718        9.33509594472824        5.09373613857037     
   2.09638511176661       0.109060236578877        1.30107807867468     
   5.99889611810226        8.30306992108825       -2.98130598554306     
   2.64313341896259        5.68732171012447        4.65943316714826     
  -3.68591813640410       -1.85564907693958        1.56688255284112     
   8.72078115304157        5.10450099300648        2.62731166413691     
  -3.53411239465866       0.879809487142271        1.89654745537010     
   11.1522578045395        7.58236557005841       -1.84440636099261     
   1.80093735808702     
  -1.56052803943131        1.53657849323479        5.85714364882203     
   6.49509322865243       -3.92014934996873      -0.654150569141889     
  0.836650290482104        10.5833439171576       0.975898298841759     
  -3.04309142404558      -4.350913131104695E-002  0.972199800407423     
   6.17728609522960        4.32270078630348       -1.01879583749808     
   4.42624118293891        10.5267889562391        3.66435619126520     
  0.317018465049761       0.363988850979796        1.73184009926111     
   6.68727166450595        6.83170359032619       -3.65869063667592     
   3.16008433575382        6.85978357479656        2.69733965021685     
  -4.44921290654445      -0.836044734295731        1.09209534204562     
   9.14606390878608        5.24867182328894      -0.235521482069146     
  -3.16720101505139        1.07315662134246        2.98880774036671     
   11.6498668799595        4.56983384783847       -4.00798223594941     
   3.37947022888522     
  0.112103070826696        1.81700121762323        6.52513709026773     
   4.74011168147651       -4.97504201260702       0.834623722804921     
   1.33242293956638        10.5018440199360      -0.615657525801214     
  -2.54226434969282       0.258936482909270        1.42299506616557     
   6.54450328805238        3.88102054189593      -0.926654553763482     
   4.32840792436314        11.2146995898896        1.47074421167012     
 -0.567845008904679       0.781788620754541        2.29236699289186     
   7.31426398364821        4.91184960379612       -4.13119514535736     
   3.15938487351921        7.80790279259619       0.241667502742559     
  -4.35610090692614      -0.269841440443053        1.14152584970539     
   9.42121348689313        4.25013572748526       -2.63140851573659     
  -2.29345765642714       0.797089806494707        3.95775865822480     
   11.7631639668629       0.300355619149248       -4.32605535852130     
   4.32206908509327     
   1.88481155258374        2.21378149487952        6.78344960341219     
   2.96278610458954       -5.17603034935697        1.68829745014858     
   1.93433893223707        10.4749531953264       -1.70375228091445     
  -2.07076288563258       0.452152046867199        1.80983981729965     
   6.63211630451936        3.27194096151361       -1.06337504994559     
   3.76615158994013        11.2968965208195      -0.573521781951215     
 -9.725546381719263E-002  0.913363286389651        2.26126439931851     
   7.58624289286012        3.80375077197120       -4.20778550558548     
   3.30779284726124        8.42661868150410       -2.92239055226858     
  -2.67042898448764      -0.382768641443326        1.55283880113003     
   9.33363265656437        2.72920879350071       -3.42043176933028     
  -1.41859116064595       0.492829152935950        4.54867875719283     
   10.8109330062643       -3.65827326094325       -3.32341728781299     
   4.35701206625449     
   3.18061318431389        2.90163619509962        6.78876375395398     
  0.713330417941322       -4.93185221083785        1.80738223575761     
   3.64411268417872        9.80300156473108       -3.19820512070325     
 -0.368328401832702       0.603553109845597        2.35947424989348     
   6.98951899365754        2.51019931411679       -1.01484449251820     
   3.59792310466807        11.1374720688322       -1.90462286212366     
  0.989074075486326        1.39415220571207        2.99500749827164     
   7.84015360750930        1.46945854761957       -4.18029138983666     
   2.37874425004420        8.53621048415209       -4.20320394520339     
 -0.503755679616616      -0.331064514586740        1.70318724616191     
   9.47980488742869       0.613916822030406       -3.67152331295726     
 -0.698615964568093       0.489311774917052        5.02133112026933     
   9.38141752535704       -6.55400987522558       -1.16241038314314     
   3.74985312274386     
   4.07871957911143        3.69152787816536        6.23598006542950     
  -1.40724132243920       -4.15674483251600        1.11167333374076     
   4.92496649722740        8.63852219431146       -4.27934041897954     
   1.63185032718001        1.22751880218280        2.95193307687646     
   7.23733847683445        1.57079811861790      -0.886102541573917     
   3.44342452151114        10.8195949899367       -2.35692606510041     
   2.36868374324589        2.23278373850884        3.81190419106932     
   7.63055143512901      -0.951790077363336       -3.59753182125923     
   1.11143836811086        8.53597774799480       -4.01792658106195     
   1.73538934222984       0.318753937860441        2.02810915950484     
   9.42070970903795       -1.37078191021837       -2.85405873449174     
 -0.380351809616746       0.690446748609052        5.46484495603287     
   7.32438622452937       -7.96750195810912       0.975964383772687     
   4.00937626698049     
   4.84665541475761        4.18422267271007        5.05679908666323     
  -3.00145742706255       -2.95714254294780       0.191752973392661     
   5.49297060602989        7.32624657803015       -4.69672652615441     
   3.34359671354127        2.58699381718733        3.66181687498791     
   7.18547250465806       0.499325557621562      -0.598965833593268     
   3.36040869744419        10.4858282368109       -2.01166849314337     
   3.54626920321322        3.51036931864550        4.64031554240563     
   6.67600018061763       -3.01765514834407       -2.31049871364349     
 -4.305381400402876E-002   8.54927662241571       -2.49734387059195     
   3.34771227736409        1.45916116019204        2.64100676763284     
   9.04992421757293       -2.86197692478848       -1.26483942253176     
 -0.219184736086427       0.980007504650284        5.89462333725808     
   4.89428965056348       -8.36214149302040        1.97927448860437     
   5.25391970535480     
   5.65248921206882        4.02995801611975        3.58188899581329     
  -3.77491076673341       -1.64629631484203      -0.380851475969239     
   5.52640771770870        6.33403318801396       -4.46937838725962     
   4.34913606763169        4.52277026305059        4.37371167090512     
   6.51549130093671      -0.563324710938152      -0.187185574528737     
   3.29451839207027        10.4689145642249       -1.00676402043770     
   4.33243209370026        5.24721480281548        5.48542823248188     
   4.53118207539699       -4.39561515748717      -0.655771966999901     
 -0.301654794489976        8.50829894875125      -0.483836617697838     
   4.17606745186799        2.75448273220101        3.32178947971868     
   8.10784236089588       -3.71498423327709       4.671102903135466E-003
 -1.550248240022874E-002   1.18558528118059        6.06401063465392     
   2.37856921861682       -8.10637444252758        1.41358834187888     
   6.40305363685327     
   6.81523165742897        3.05687694734542        2.08181765467347     
  -3.80002092166624      -0.521578966758082      -0.403818413715570     
   5.54889808773076        5.42394034336894       -4.09571429908857     
   4.62888713737934        6.73365762371968        4.94879639191571     
   5.10616336223038       -1.41354621129938       0.376370347671021     
   3.62888601970281        10.3013840317716       3.215479539733590E-002
   4.66866205384184        6.73760161758467        5.26073383697776     
   1.92983249302888       -4.61544343002556       0.565875838000916     
  0.166608776551487        8.53010248221872        1.80165435276039     
   4.24212850687638        3.68890217096689        4.10918168447212     
   6.83438062152075       -4.11481304667951        1.83486091001469     
  0.680688263847655        1.63699565356461        6.25828689540788     
 -9.492584382925470E-002  -7.55910122487321      -0.379781171672231     
   6.92920010227047     
   8.13914124903570        1.51672458955037        1.18125429217476     
  -3.36709976125129       0.258951530249103       8.128059030968943E-003
   5.65862473110072        4.59559030838790       -3.71991299780153     
   4.31386156672197        8.80730434832246        4.96582025695762     
   2.98088485096803       -1.78570946497354       0.805393805547902     
   4.24707266193085        10.2147430014424       0.884639864370585     
   4.81473360063218        7.82396568759557        3.97941795863361     
 -0.412189804577353       -4.09714964747607       0.995516032991808     
   1.13082105029203        8.61771359839493        3.59047287856150     
   3.86596489982900        4.28412694077330        4.72539433884898     
   5.18111085184344       -4.03468435628546        3.14480368833362     
   1.83821470053532        2.21073677566900        6.15019431185944     
  -2.35799231315481       -6.25312584162323       -2.58505286649834     
   5.96799636496940     
   9.20283932951935       0.253161073059884        1.09682413179100     
  -2.77871205685985       0.799025836639140       0.680750723022596     
   5.87606437632191        3.71192522307370       -3.45861704557381     
   3.58470463713538        10.4088187799757        4.13447158254723     
  0.711266232565982       -1.59737154819208       0.969818964303125     
   5.00783624061330        10.2164678685881        1.39689974639413     
   4.90030353068918        8.30105307961213        1.83946382318765     
  -1.65834704084304       -3.35704238713695       0.886681818759532     
   2.10200623379039        8.89849839119362        4.67744077658599     
   3.24434064210390        4.64308388683093        5.08488419127294     
   3.35815873127718       -3.69577332491152        3.75906793226951     
   3.28499224942565        2.83217204062671        5.56468515770315     
  -4.02880103924807       -4.01448264449833       -4.10077311123471     
   3.78781384603221     
   9.74184914225752       8.998305949684240E-002   1.40888578048390     
  -2.13461941757900        1.19427501155791        1.47658144001796     
   6.15348359741550        2.64404696756462       -3.30153331849561     
   2.57511759321145        11.3728499448157        2.68069842899967     
 -0.886855571243423       -1.05172992347033        1.03100775019648     
   5.79185766616975        10.3274425158926        1.51654693137027     
   4.90613951623994        8.14079993026922      -0.452536461315481     
  -1.53809116649909       -2.77985588510210       0.610974566204837     
   2.89114315002658        9.42535523622173        5.11111572705383     
   2.54057747017945        5.05245459476251        4.87659956798663     
   1.38610573102271       -3.13544057497786        3.52631140478163     
   4.47691496277144        3.44628439238472        4.48204917840869     
  -4.81425146298321       -1.37330863350535       -4.38182272768078     
   1.44753574983563     
   9.82706122417194       0.982435857220849        1.51322126903983     
  -1.52555351892890        1.53923871029821        2.38490643550496     
   6.34758425657132        1.38121557289262       -3.11695487362015     
   1.38539700119265        11.7583603760038        1.13070708007020     
  -1.53567899726522      -0.515450454410004        1.14150873179241     
   6.53145895804773        10.3634094498334        1.25340787268341     
   4.93371635583019        7.50131398522645       -2.25565836054166     
 -0.311093339573515       -2.29127945602507       0.499909483028656     
   3.51256642902327        10.1037103330329        4.78224024754842     
   1.72742360332713        5.22318496423687        4.69571507627871     
 -0.116145292922684       -2.58506073988951        3.16580455570235     
   5.76717360401560        3.79972098837937        2.91547275928820     
  -4.83788608251673        1.00170273121193       -3.77728269435456     
 -0.191413461806836     
   9.62467135089317        2.31165047056258       0.998519639533689     
  -1.00778490889344        1.81098607660889        3.33183022537110     
   6.32913044492218      -4.605660939143269E-002  -2.70175916825045     
  0.167959815869633        11.7621914153371       0.212376116082766     
  -1.37422785616271      -9.930227229037294E-002   1.40385388236123     
   7.30332441180379        10.1973306308575       0.645049729504379     
   4.98057486052361        6.65798272675917       -3.23915172481495     
   1.38467403515945       -1.64636557440516       0.593711896574143     
   4.10124657457536        10.7493878198150        3.73183534139110     
   1.00712614554641        5.42007226982113        4.35763367966188     
  -1.35280455240924       -1.95892882138775        2.67108658606823     
   6.79413917572779        3.77720761721601        1.17209808411698     
  -4.36794985142963        2.60076784057516       -2.79989936396747     
  -1.01486596005602     
   9.29799708381226        3.40894923306087      -5.781741705102540E-002
 -0.539711783605808        2.04088099400449        4.26063199723007     
   5.95327691577451       -1.45060992285316       -1.88323463852766     
 -0.809308999608983        11.5878068476603       0.186346880410333     
 -0.941425035531986       0.262499616509862        1.81131046465131     
   8.15296389755415        9.61357674984485      -0.244741414259043     
   5.13857351021612        5.87697554727785       -3.50864252894492     
   2.99562724083911      -0.674697351155554       0.872362588518619     
   4.76751137205620        11.1337469458360        2.03190370264810     
  0.622026602168062        5.63832214893809        3.87572516292703     
  -2.28723235555104       -1.27370044943357        2.27200755862455     
   7.52447602178237        3.29110459351429      -0.403295086777498     
  -3.73289141281507        3.44066881382780       -1.79477399640901     
  -1.24374805218507     
   8.97687555659079        3.91067327589410       -1.30275343775356     
 -2.101153227067411E-002   2.31103656384002        5.09653323477252     
   5.13174129054926       -2.56872262123449      -0.711461609412358     
  -1.19598805765205        11.3766058922650       0.760898525288636     
 -0.683486568875392       0.628222344470163        2.35876572618096     
   9.08610922958954        8.47428582640205       -1.34820511002909     
   5.47150096143841        5.37558225053825       -3.34755601688289     
   4.25003679845597       0.652322024696069        1.27817478334746     
   5.52379351565028        10.9188593276328      -3.928964418475273E-002
  0.751449711926735        5.84254195056015        3.28688380494677     
  -2.82627906795696      -0.585688686075911        2.10512638574138     
   7.91501641288711        2.47803607833338       -1.56554148414252     
  -3.13692000540770        3.73874154675940      -0.871427745961023     
  -1.12301513047833     
   8.77666778380150        3.75054960970894       -2.43005491216397     
  0.543424968786071        2.73635458573413        5.80520468505997     
   3.86325175054423       -3.22840377743481       0.556803610399781     
 -0.738432697416190        11.2013316117020        1.34899655828489     
 -0.764536817160397       0.980901886909061        3.08771959385889     
   9.95847029371899        6.38329666825462       -2.25490606848493     
   5.83654678111334        5.18124460765707       -2.99195017744050     
   5.08265050463818        2.13335968359359        1.73909437364310     
   6.36164596384028        10.0590455317455       -2.12259217433810     
   1.38885859188029        6.20089143173788        2.37814077707302     
  -3.12654178929073      -1.960326811670846E-002   2.28870192032426     
   8.19360746731299        1.20405004126539       -2.04601292106539     
  -2.72295164779824        3.79489473405193      -2.750741155736419E-002
 -0.739860244862411     
   8.71493494719422        2.99105294337538       -3.19613344329525     
   1.00231806085865        3.38911737611169        6.29244981648184     
   2.21837713638864       -3.38168724177165        1.49392412714610     
  0.493533179340749        11.0863808094316        1.33919358255110     
 -0.976799047437309        1.28066585181432        3.99746678104381     
   10.5595382074520        3.45061452296652       -2.75877124801704     
   5.95318741773108        5.30385655709788       -2.55169751391526     
   5.58682131084381        3.71931743442326        2.29349668236480     
   7.10387097293271        8.34326321526538       -3.82348133664387     
   2.15737668195684        6.75821643179791        1.14723717935661     
  -3.08151569482497       0.312993479741444        2.71095398237074     
   8.26889138336119      -0.208899094364415       -1.76839154006857     
  -2.46508538625243        3.75195179676666       0.802618203232511     
 -0.170600599177873     
   8.73339793500813        1.76132863575255       -3.49422508226902     
   1.16091228294453        4.19477612806125        6.44946103324005     
  0.346262644079794       -3.07231919391693        1.86236432935390     
   2.11162377239457        10.9287644776861       0.479842658174042     
 -0.948972617272843        1.48499643255732        5.03002453023575     
   10.5395631587392      -3.257664906836150E-002  -2.58262968834188     
   5.60615851837309        5.61046684235124       -2.00820371042903     
   5.85785369044419        5.35347515487961        2.97878673390639     
   7.51760661730190        5.83992379764002       -4.92716665612823     
   2.48557124764533        7.43181760454985      -0.294782658388095     
  -2.62836534578073       0.382153262717648        3.21617882479960     
   8.12233988811762       -1.48015478567054      -0.795480329438750     
  -2.19924250360176        3.71523629465937        1.66307781180423     
  0.577078118118891     
   8.65960827153817       0.243449680157901       -3.25889506409766     
  0.949095182147492        4.94479364743630        6.18851168623837     
  -1.51178725522021       -2.35359828326152        1.74986007146470     
   3.62798401292642        10.4946694147868      -0.967464839446348     
 -0.378193314950327        1.64842684704659        6.05515136183401     
   9.54307050275048       -3.39138778292359       -1.60614881761212     
   4.99423523741209        5.89772389338779       -1.29872090105907     
   5.98133631978317        6.99181830151043        3.73024834254606     
   7.27633645697643        2.88797957696283       -5.30963619074282     
   1.97783810784979        7.94691564703735       -1.49544551758273     
  -1.72305507588974       0.367212874098974        3.70459408902654     
   7.74556565523763       -2.36890874594427       0.636258577223706     
  -1.67237383572166        3.76937116113777        2.56000738386226     
   1.48609194922998     
   8.31240965732128       -1.36829067228544       -2.44257291044668     
  0.529137938909020        5.46289254119372        5.54327119232922     
  -3.03453159835641       -1.32031401063395        1.52020230541831     
   4.84226329434865        9.70981636577673       -2.50833617590278     
  0.785513651835997        2.08670484606827        6.94197412198671     
   7.41587793139281       -5.89482091515704      -0.237297837781584     
   4.72670634460908        6.05895799267426      -0.442170947859770     
   6.05718213309331        8.53083920435710        4.26345361178300     
   6.10440846409204       0.135337092988383       -4.99269705059741     
  0.631392807752183        8.22612613331219       -1.96048193753255     
 -0.516605571612086       0.477636278562646        4.12979340225262     
   7.23363869114015       -2.73586592278650        2.14602725830023     
 -0.707348742116044        3.92546052406648        3.48008181190809     
   2.54107497534723     
   7.43007202494563       -2.75123308803371       -1.11517254185239     
  0.271061389295266        5.76164369006410        4.62623990243090     
  -4.03582402756672      -0.193047830303512        1.56876926245390     
   5.77093027898189        8.46542665013440       -3.65632520387243     
   2.17420710717964        3.19179157364264        7.57326222460940     
   4.20428740877390       -7.19210704806941       0.522469112263696     
   5.09041838029613        6.14171574906434       0.390459119278135     
   6.20279551041510        9.82345753000977        4.05297927310373     
   4.16153922369271       -1.66003838406905       -4.08467496070315     
 -0.987524837223424        8.23909769442476       -1.32110259942235     
  0.588192052922039       0.912736855261721        4.58845445054707     
   6.59496362102848       -2.68631357137176        3.40933929953807     
  0.697334870084615        4.16907126882048        4.36259850008846     
   3.59537757049841     
   5.92599006274308       -3.62227496327541       0.377801561558917     
  0.545476893943238        5.99344409336100        3.49963754942060     
  -4.51174778212400       0.732946529084258        2.09093694568237     
   6.56362059579477        6.73475925164987       -4.31931933485254     
   3.19689617524150        5.03723919616933        7.50214118472184     
  0.205624940494692       -7.18739078586068      -0.169061636489311     
   5.48183409056229        6.40218353417554        1.11677377145994     
   6.49078776532926        10.6173982102806        2.70336441705826     
   2.32023043045031       -2.24169238911234       -2.96498271642791     
  -2.25030669111755        8.03563230876900       0.222889885716862     
   1.20577728804697        1.55672536265562        5.11581840868123     
   5.81541301204476       -2.41188743674980        4.26820375732555     
   2.40255502113652        4.46997772718997        5.11377768884009     
   4.41110202628086     
   4.01021909708438       -3.89222459560523        1.55159344079104     
   1.45683338970869        6.21167828118105        2.12570659580666     
  -4.55583301002808        1.20421703098256        2.99909504944538     
   7.24145123679937        4.44059322570181       -4.63640881635399     
   3.36708805980139        7.09520055004899        6.00744157166365     
  -3.61335570518005       -5.70513371624503       -1.98278897267306     
   4.98248650510058        7.18324006110613        1.94975237945273     
   6.89929305972389        10.5720669026561       0.486931037171992     
   1.62802693527088       -2.06634472507354       -1.91451831237132     
  -2.89322025408009        7.61671427790780        2.13400006349692     
   1.25004715479727        2.18158474629237        5.67967762847907     
   4.88470412209432       -2.08111022948021        4.72677619912132     
   4.24696486607614        4.82645089664941        5.58421471439701     
   4.71495549208178     
   2.13398187976281       -3.67306139714956        2.09393550880794     
   2.74802581666790        6.27821790454087       0.470820653341639     
  -4.21743808455499        1.11494512177666        3.99033937505903     
   7.63764327456446        1.68191041725203       -4.62563053117739     
   2.54240494536475        8.56975307955387        3.08564898181422     
  -5.80090158663443       -3.22744535524398       -3.44940915675744     
   3.50586921340510        8.38615304715528        3.36957640954022     
   7.27817443131351        9.36655612720943       -1.66032998246059     
   2.34780426370814       -1.58868594547744      -0.946334542788123     
  -2.95245538740357        7.03566078196005        3.92301096112405     
  0.905191149126108        2.67097103513989        6.22796876880303     
   3.81594950451751       -1.78142758867054        4.86044319420291     
   6.11350996177326        5.23748242201610        5.60151531629057     
   4.37567468658910     
  0.758880315759127       -3.18507525363564        2.09525441855964     
   4.05014493248116        5.97568411018783       -1.30380690667685     
  -3.46127794116497       0.596841627571351        4.72888506275036     
   7.55233980860809       -1.22968431292536       -4.00136862709093     
   1.00483995954721        9.12827240422241      -1.586831773082709E-002
  -5.88910214213169       -1.12314514503549       -3.73542017620161     
   1.79053209527962        9.44374748774417        5.68870888527545     
   7.17033678858485        6.91835456356189       -2.86206717769346     
   3.74608436434671      -0.785284827206534      -0.118491372608378     
  -2.57230769653249        6.42885247729053        5.30628648972671     
  0.428304080581162        3.04062308052193        6.72056940181690     
   2.64248925459452       -1.51388788512541        4.76049528948750     
   7.91958961687530        5.59255451842601        4.95629631993837     
   3.55288055451633     
  6.035289077682305E-002  -2.61196314869354        1.83427781695278     
   5.11318452173792        5.19628915464290       -2.86265339162656     
  -2.30267012557389       1.533110822078048E-002   5.08570321841323     
   6.94262621162449       -3.66477028681085       -2.48775038412858     
 -0.478468100876084        9.16588366290939       -2.05027623847041     
  -4.62841443037768       2.170902444101591E-003  -3.27645927925562     
  0.375052743377605        9.94917836853267        8.48387284309298     
   5.69404930319819        3.80652120125069       -2.90079041041959     
   4.80928735017397       0.359195771211656       0.397342460838387     
  -1.95686766673227        5.93085798852204        6.23394518297926     
  8.399109220915316E-003   3.34347710113000        7.11388988030567     
   1.40834207743584       -1.22315443182913        4.51922114487386     
   9.56298717744710        5.61308935591124        3.59416131787512     
   2.70642465834963     
 -0.109217394161997       -2.04434469967735        1.55343215896220     
   5.87794026976174        3.99874192608735       -3.89880295598158     
 -0.952563784224572      -0.218668305227087        5.22446228731437     
   5.94314633686282       -5.13679626591645      -0.328661529645013     
 -0.955955344102335        9.20648845572712       -2.81928044684439     
  -2.87682654898208       0.529983382981652       -2.62982309413752     
 -0.589673783928656        9.80669324315710        10.5832615869904     
   2.36004622257456        1.60787010228085       -2.23792253929409     
   5.22144822320492        1.53677055955824       0.502445907555733     
  -1.31171340523197        5.59917023011474        6.78684533926535     
 -0.272178621206803        3.61515027217832        7.36278628955436     
  0.178486861713881      -0.832248784935234        4.26158833693730     
   10.8985490185263        4.93773391760188        1.83187759978860     
   2.29858050511362     
  2.107596020045058E-002  -1.50326641673092        1.38121125231308     
   6.39009946795015        2.55778694640543       -4.31267059958618     
  0.218580988109753       8.017814761622594E-002   5.37463749876991     
   4.71149957694742       -5.64249749033685        1.69310583232652     
  6.430345514121102E-002   9.28717596013277       -2.87827831296876     
  -1.09879688646440       0.894035878583922       -2.02827454712719     
  -1.12020744345004        9.18990302134009        11.0751919875874     
  -1.62241330650060        1.76497153151130       -1.32901706486261     
   5.35893017169875        2.47419861873656       0.291798392812642     
 -0.737411864765044        5.44287738976055        7.07233736198369     
 -0.416509238279169        3.86984036632938        7.43277456259393     
 -0.951704612120901      -0.288529465584717        4.16860743966425     
   11.7861407728254        3.36726701159122       0.319919488130405     
   2.40246826219395     
  0.315232549533848       -1.00083732865782        1.36334795103543     
   6.71950698407963        1.06254396617846       -4.18810373028993     
  0.936333357017845       0.813164799058400        5.61506680630428     
   3.30003006137654       -5.54489531406482        2.85444194068253     
   2.20922167888666        8.98501020599826       -2.90346607311053     
  0.528825896129935        1.27854711611507       -1.54444104538711     
  -1.29661445952141        8.43102411546288        10.1672170910782     
  -4.29399505713617        3.81383754407795       0.333120573032139     
   5.52401568146913        2.97671909757747      -8.451490041179456E-002
 -0.247568877920499        5.45144144560990        7.17686765748916     
 -0.458412955020917        4.11464828019325        7.31358080603861     
  -1.89020156147733       0.382839669062584        4.43583076550556     
   12.1088180550584        1.09464546742520      -0.298070636213987     
   2.72636933233015     
  0.648731844251007      -0.548039321430303        1.49801506103778     
   6.90673831252047      -0.335232131376502       -3.64152149825305     
   1.15691911181074        1.72453527233510        5.86200069475314     
   1.71663681862122       -5.17384685105360        2.92372379969006     
   4.55961209166348        7.98002193683240       -3.21058369604690     
   1.98063264135602        1.76284680025069       -1.22136642519612     
  -1.23427186120091        7.78322768467556        8.70791642126088     
  -5.11960539140259        5.87753810364555        3.25904602438538     
   5.49873919371852        2.73167350820203      -0.439418208087334     
  0.167987228918234        5.61346869885392        7.15160505567385     
 -0.446974201689979        4.35276249998531        7.02200047683468     
  -2.58592010355757        1.06634164592292        5.16871398625816     
   11.7399214838367       -1.38126431835885       0.220062891898598     
   3.03429119552124     
  0.863739960669534      -0.143809004435333        1.76135987359080     
   6.95860338416045       -1.51801247421944       -2.75427043819149     
   1.05719217849134        2.58339855572056        5.98239569420236     
  2.091156101401095E-002  -4.61775491347450        2.11601268454858     
   6.30488298523864        6.41944551783914       -3.63468303680083     
   3.17398546357085        2.40924736985426       -1.10481150634928     
  -1.03978623945178        7.33420736828280        7.28318782727670     
  -4.87096681051637        6.76122446758355        6.73388134781469     
   4.61691450959055        1.66192638358519      -0.509445587740764     
  0.511886812852527        5.90437744478202        7.02486141558417     
 -0.425888672657006        4.58520663343397        6.59178439234858     
  -3.05682815119149        1.60349383663510        6.28178999527913     
   10.5194898560536       -3.51859396222410        1.60724947654246     
   3.47819913325084     
  0.809095952332602       0.220379821320289        2.12696226314279     
   6.86412721896803       -2.39982340603031       -1.60384020102917     
  0.923844891167504        3.28611578607096        5.86610681790915     
  -1.62103547090986       -3.76848161647839       0.889558872312129     
   7.17056558799539        4.79026694880571       -3.88861308115459     
   3.96940415202397        3.19559180159857       -1.23224377499472     
 -0.795272113385290        7.06488410948260        6.07361295114636     
  -4.34775657247214        6.52107918817631        9.55321080213767     
   2.53577767189847       0.501926992341663      -0.207977118225086     
  0.833729639218691        6.29368202162198        6.79394290044538     
 -0.436255502030791        4.81271117901407        6.06738794233267     
  -3.37581657874101        1.87214376765785        7.50893910091600     
   8.38647859656452       -4.99915307473710        3.13792731104434     
   4.36495089141861     
  0.415774246053289       0.567557663528816        2.58007187997412     
   6.61243273457660       -2.93454606567697      -0.323799612393415     
   1.02861241603577        3.87115880002239        5.44052472093187     
  -2.97746393560812       -2.52923312170554      -0.201713694922756     
   7.37958612604735        3.49363906637667       -3.88822139896227     
   4.30986463153548        3.99019866103576       -1.58479201062788     
 -0.546441886195292        6.93223309077633        5.03962755014283     
  -3.92852580523278        5.65971961613850        11.1247521760641     
 -0.111249571526903       0.318635864587449       0.236296697657584     
   1.23721775226379        6.75551382967065        6.42769104044447     
 -0.490968542902159        5.03600218457612        5.47840208938831     
  -3.63055919132306        1.82790625334753        8.54253196714767     
   5.52916713438279       -5.82190088236328        3.93972849795396     
   5.67350986221711     
 -0.109333099750110       0.956072484858755        3.12522580693885     
   6.19668708671577       -3.14839395325093       0.903460510690398     
   1.52913885953083        4.40689480186347        4.65857229526189     
  -3.86335338024325       -1.02284981760755      -0.688153665352537     
   7.34417617948945        2.57777936049135       -3.70576948919914     
   4.29236557219460        4.65279608037341       -2.07316623323003     
 -0.308124851772668        6.90020442825162        4.09714533211093     
  -3.69383571699530        4.54599587270577        11.6753622241985     
  -2.08735773821544        1.39030818246819       0.776614718774480     
   1.76387246523722        7.27527225863734        5.85757142501673     
 -0.588379880859279        5.25554174686641        4.84164357459009     
  -3.88573387718381        1.48976184593472        9.19947886095223     
   2.36509633718878       -6.06205161078286        3.47605449661807     
   6.97891401523695     
 -0.222565311628277        1.39244428908746        3.76319900313137     
   5.60522563058166       -3.13606283613962        1.90743599550232     
   2.44150689725899        4.87783482190657        3.49534427008929     
  -4.22847542536510       0.401182141805689      -0.370052218110788     
   7.34959747016530        1.82726011423681       -3.42328379559872     
   4.05274740878584        5.11851262778857       -2.57987062793306     
 -8.198964021782811E-002   6.94639528437458        3.17527511154260     
  -3.59672132041564        3.32776544726718        11.7736358997159     
  -2.53778765405109        3.02473076947591        1.67451330867944     
   2.42249232804601        7.78803606241393        5.00623214676043     
 -0.698155156963866        5.46801960367534        4.15984367810469     
  -4.16662800610493       0.899221354155166        9.48384619999787     
 -0.555399152353599       -5.57894752193898        1.85274798551939     
   7.83578152655322     
  0.521864720625218        1.75004126152649        4.41522086732891     
   4.83831667990624       -3.00841133140908        2.58363398392496     
   3.66309630630486        5.13896605644161        1.98067819452979     
  -4.13853594510572        1.37094261085860       0.618371377018678     
   7.42472050820606       0.976174619422574       -3.05819797119730     
   3.68492887037497        5.39282860488475       -3.00439829985927     
  0.125430201854967        7.05271346992641        2.23214962350370     
  -3.54620884881034        2.02011830873560        11.8280787762885     
  -1.37323859398408        4.28325356896807        2.91621231762744     
   3.21407345533438        8.13410759524699        3.81975146308840     
 -0.747380464180786        5.66313108510649        3.42292397406332     
  -4.45776036810923       8.839898833900327E-002   9.53107911334518     
  -2.61558155412366       -4.13468469321063      -0.120640870063436     
   8.10323940026137     
   1.98785380351892        1.90665737375283        4.92328667978509     
   3.95040090154295       -2.83263119801232        2.90621593744691     
   5.00831625347745        4.96617883745214       0.265333231282747     
  -3.69283013827099        1.72137932901378        1.91339011942539     
   7.42301619427937      -0.113419420714439       -2.55469392271518     
   3.25669976245698        5.51255172496276       -3.28562918802931     
  0.302452000256817        7.19930913132203        1.27204682049997     
  -3.42260156126763       0.636474505649220        11.8870005249524     
  0.993893246543118        4.62813795074144        4.07860556059841     
   4.11588107102780        8.08841078481950        2.33546934266277     
 -0.635659315948943        5.82866735222003        2.60647003947244     
  -4.70415376687297      -0.930336833478284        9.47688144874965     
  -3.27983859046441       -1.93628147360561       -1.33384769577845     
   7.97668256861607     
   3.59922570698588        1.87222505561409        5.18552851592949     
   3.05025943759960       -2.61949641129531        2.91761125450799     
   6.25571952016622        4.18836613499299       -1.34042783261246     
  -2.99594453271919        1.57417959828119        3.13377920621098     
   7.19400053390469       -1.36994102962463       -1.83557247546480     
   2.86481217619669        5.51328113757428       -3.40699989627036     
  0.438265633751718        7.36270426164504       0.351094292649156     
  -3.09760601066228      -0.719685445271893        11.7155360593950     
   3.94183736485104        3.96895526700665        4.78226970082792     
   5.10765086439362        7.45874530973961       0.716268615825879     
 -0.313531846372984        5.96920205242287        1.68501339885912     
  -4.80980470705772       -2.13637653257360        9.31240516316265     
  -2.36473930715889       0.150553047090382       -1.27789038182713     
   7.77699859864618     
   4.87086626932415        1.69905301414245        5.22882366892189     
   2.24811604391047       -2.35969797377671        2.71289614221185     
   7.22426157141491        2.83850928919603       -2.45633557992073     
  -2.21099205262718        1.23420621578303        4.07696411836506     
   6.67748798054845       -2.56595853149032      -0.899432317435408     
   2.66686980468329        5.41187834471255       -3.40338878735152     
  0.527413445170807        7.52215408370696      -0.424422147800294     
  -2.47996565001811       -1.82090461601271        11.0500642609708     
   6.74920458366520        2.51631443529668        5.03651985406523     
   6.15775377981651        6.15204748711451      -0.791542892716388     
  0.134434433063198        6.11249299640739       0.668068371396163     
  -4.63729898483945       -3.43076239022937        8.82462719452960     
 -0.217015856402066        1.25449544304276      -0.429026664837347     
   7.68807141864439     
   5.64551007608810        1.40466322660482        5.15662846561657     
   1.62201440634137       -2.05104608983653        2.41282893757331     
   7.84178087005169        1.19327086089938       -2.82513150751618     
  -1.54336906651266       0.968534056839149        4.75137576865777     
   5.89226265065403       -3.48466597958601       0.115385687300483     
   2.82134379611642        5.19033923037714       -3.35803773055844     
  0.564236759104843        7.66598814700547      -0.926449993033679     
  -1.58258932047434       -2.41382775491541        9.89817747364754     
   8.81154252179412       0.767380641427900        5.14292180768936     
   7.18332673453313        4.16969160213684       -1.92109645386691     
  0.489281613880947        6.27862642950532      -0.347942026881379     
  -4.04093656932746       -4.57244966104056        7.74661503434646     
   2.40112357417734        1.20796083637586       0.454684109363304     
   7.76193787609354     
   5.97001903423446       0.988456807122171        5.08401566806463     
   1.21217201204167       -1.70593584844864        2.12808078073416     
   8.15073307634780      -0.359895520114125       -2.42520060687185     
  -1.09465278683749       0.872368747318259        5.25531457768669     
   4.89225521537306       -4.04810227476392       0.977786579280258     
   3.36917554233644        4.78649444917962       -3.36797508171936     
  0.529500386630156        7.79405262256941       -1.05320114862475     
 -0.557580275659691       -2.39621750576717        8.59543895712950     
   9.93206189341558      -0.671317985146064        5.33305240030340     
   8.01812315243454        1.62920837116189       -2.39168781670364     
  0.525653863791156        6.44925015341227       -1.15694817238424     
  -2.96902806556269       -5.24702731454908        6.07389329548181     
   4.70301102949027       0.524313847017815        1.06130409512953     
   8.01416487996360     
   5.89755428466819       0.469422483895453        5.10124133181228     
   1.03211904743399       -1.34822754754591        1.93462094817592     
   8.24728724616115       -1.49882357768847       -1.43285409870628     
 -0.776344745018044       0.930655533446371        5.66549961115047     
   3.73555786434017       -4.29721762991160        1.48066252694756     
   4.17912396124423        4.12977331938641       -3.48269520185310     
  0.379750529903069        7.90884248031617      -0.768631742161622     
  0.370195884363619       -1.87723463653814        7.53140191828267     
   10.2992807513477       -1.46519195016583        5.61613459641936     
   8.42814392658178       -1.12157666069052       -1.91954532573698     
  0.257366235320990        6.59148538608225       -1.51601584946189     
  -1.58614258648412       -5.28518109847649        4.18010467589049     
   6.29038865812473      -8.900540783926453E-002   1.47525840832759     
   8.42396974775055     
   5.42670005220183      -8.813721635895613E-002   5.24739202749431     
   1.07801871542962       -1.00945022262905        1.86600817923837     
   8.22332597140776       -2.06396722160774      -0.134255763725142     
 -0.405478983484514        1.12900138096464        6.01069948013949     
   2.47258542540626       -4.29870095493986        1.53074001006327     
   5.01725547836738        3.21640853902562       -3.65646617972464     
  5.615199257869799E-002   7.99632123511888      -0.102754962804003     
   1.00585760607689       -1.08128784762199        6.90755279310907     
   10.1982270245117       -1.65959501438784        5.92939181279570     
   8.23603728621859       -3.49901707918542      -0.434299874134842     
  0.150598748775625        6.70780595161934       -1.34159265289555     
 -0.230116018844320       -4.80497136622038        2.51139987617336     
   7.21454577506304      -0.186581940531998        1.82520959186205     
   8.92607869929054     
   4.54909893925378      -0.577138598243813        5.49266780227129     
   1.33067319401989      -0.723489334931739        1.92025894198826     
   8.14649786721178       -2.06418632947780        1.16754755316342     
  0.143329855720363        1.47063640896970        6.27655174481471     
   1.14269030764762       -4.06726850020235        1.16623599197979     
   5.67623589455112        2.16369989036207       -3.76397976843944     
 -0.474034480854730        8.00415600960918       0.870734981447935     
   1.24437997211730      -0.227442990115220        6.72718365598430     
   9.82874426661255       -1.47978686865114        6.24507608940713     
   7.45329326681008       -5.01416522240499        1.59417906711162     
  0.908095702756015        6.77874288397240      -0.871482105096760     
  0.828497570360361       -4.09095663837672        1.27214405768951     
   7.70622999247609       0.319735674296939        2.17687757713534     
   9.41516020079032     
   3.30284967798019      -0.875998005622551        5.75002939888003     
   1.74228288484017      -0.520474524363027        2.06841547941843     
   8.06615608742526       -1.62485984049552        2.24537764123450     
  0.877938971525277        1.94775971077977        6.40260648700913     
 -0.189651543510537       -3.55105321573731       0.536540059533553     
   6.07281597842134        1.17451621114528       -3.67725883975170     
  -1.15915431657139        7.84421714591506        2.04280117326665     
   1.07704887210532       0.533694358837003        6.90560464699692     
   9.29554695764440       -1.15117472882547        6.55192116297151     
   6.25568484446322       -5.64155137910763        3.28913093560106     
   2.79018334604414        6.59958604723476      -0.569247069805250     
   1.57766587109844       -3.36566637085486       0.446204159624822     
   7.94996182162329        1.33679702552190        2.57836105552003     
   9.75612613398370     
   1.79867184665745      -0.888849010603427        5.93391755388918     
   2.22490303807582      -0.412582234132076        2.27086127362274     
   8.02501957590134      -0.916322580920125        2.99911814072583     
   1.72855796719657        2.52460431416432        6.29333877884075     
  -1.41291634125942       -2.68877015646503      -0.119845443063655     
   6.25739948348825       0.433942761999438       -3.34725720281900     
  -1.84906601890934        7.44071501368265        3.26541750319422     
  0.584006966063000        1.13254537842738        7.34426147932429     
   8.64399494223838      -0.835920428466201        6.83486945816565     
   4.84466746259968       -5.73140264613953        3.99135089586724     
   5.27812099315561        5.85121092787706      -0.749079518515825     
   2.21921252910612       -2.68970922551579      -3.807386321146711E-002
   8.04299613784399        2.74235456343386        3.06820948036555     
   9.78783555416995     
  0.226455530017734      -0.586463270715700        6.03116277573826     
   2.66257819856569      -0.385594120674947        2.49171670999421     
   8.06085839857067      -9.384879275887072E-002   3.43900719103774     
   2.61127298355633        3.14011435944595        5.85377338089355     
  -2.37890715725555       -1.51211954072577      -0.519655711705939     
   6.35402162018421       8.874885145342598E-003  -2.82408244158499     
  -2.36773141089209        6.79479904024190        4.37606313332191     
 -8.094773432693574E-002   1.56536444957289        7.95803524718507     
   7.88349800704171      -0.628969577041149        7.08623622128103     
   3.36086941942617       -5.62708246568623        3.58268062771300     
   7.51692658631908        4.47149015547284       -1.25233699204160     
   2.91147185905370       -2.01404103273618      -0.228347922029554     
   8.04352871447910        4.42318386230279        3.62506852451835     
   9.32235469279288     
  -1.15484665611523      -5.926421063916689E-002   6.12582706018486     
   2.95322407852279      -0.406040091881126        2.70756531037537     
   8.19835037348082       0.726767881023894        3.63249867520200     
   3.46185734093917        3.70759430012121        5.03965528625085     
  -2.97137774619426      -0.208661293047283      -0.431442489490605     
   6.46329833886871      -0.175389903430222       -2.20446639773040     
  -2.61231479301553        5.99946712474426        5.25698900606110     
 -0.738752607535416        1.85731596849385        8.66996566998521     
   7.00239018747283      -0.560423806021473        7.31689687877566     
   1.89390478639780       -5.44135492548776        2.30917303619755     
   8.94393572151944        2.88333492434858       -1.64953923920260     
   3.58681627955561       -1.27505509877209      -0.163758277667911     
   8.01719038729190        6.24858125822482        4.08322032894852     
   8.19717682898712     
  -2.07028166677087       0.468383238968509        6.31798855174575     
   3.05250765159511      -0.448436887586945        2.90432694923240     
   8.44872651466430        1.47327650036020        3.65434351536518     
   4.23481199925820        4.11847709602774        3.89628002918676     
  -3.16502526669783       0.940020374821952       0.215360281034790     
   6.58824249036068      -0.278617599972700       -1.55678649416028     
  -2.58073512560169        5.19216200034197        5.87858078892077     
  -1.25174721563646        2.03499611013026        9.40227431557570     
   5.98350911281974      -0.601961556890002        7.54774575870393     
  0.535606956110014       -5.07496470577477       0.555403464255965     
   9.48888338697684        1.75407828499199       -1.72504482122637     
   4.11095239061383      -0.458255195221335       0.105284718725322     
   8.04934881465356        8.01918230844066        4.07751794078838     
   6.45572330889016     
  -2.36058996387148       0.774409941874125        6.61596582826334     
   2.98921572692286      -0.500665913852049        3.07222900394122     
   8.80811764429844        2.10206245006884        3.56058118404158     
   4.89364390083036        4.26758954701178        2.56132728145064     
  -3.02467972301484        1.71458680152868        1.29291085762725     
   6.64010770376663      -0.457273768194452      -0.883435119689583     
  -2.32613654549564        4.49669610257017        6.27771451094059     
  -1.56611581034780        2.12002464586576        10.0777906832174     
   4.83335978106896      -0.681150571615528        7.78991770050799     
 -0.586412824146405       -4.35721263744043       -1.23566944977331     
   9.36031023456033        1.50485633843230       -1.59289362457143     
   4.47771878024398       0.418429125364688       0.534536095453547     
   8.22932020660163        9.41400006284079        3.17930753198487     
   4.58755367773331     
  -2.09961898258753       0.860731144358251        6.94146166626820     
   2.83326811158989      -0.554826309261000        3.20349166543553     
   9.26037479595659        2.58585740377256        3.38143902936206     
   5.40784800540888        4.09373797911831        1.23057045434228     
  -2.65031143585891        2.06799098310218        2.55509085600075     
   6.51367360555249      -0.781628754478308      -0.143186288031505     
  -1.89651646759198        3.99830307496604        6.50973658525619     
  -1.70424307705070        2.13681533101036        10.6349285460431     
   3.60152086479322      -0.712704692168967        8.02783388434519     
  -1.31873154596023       -3.22102628138545       -2.61589186575173     
   8.80890176487109        2.07342838037591       -1.45414442945127     
   4.76135704961462        1.36310096108798        1.11155804376850     
   8.61908889651768        10.0017152722047        1.31452765192611     
   3.44916807625440     
  -1.43771833063393       0.935964058107589        7.23822854545565     
   2.62560771439831      -0.600684447874954        3.29444876512038     
   9.77748991808344        2.90113425786686        3.12794968886626     
   5.76113452683859        3.61526165173026       9.738352367889187E-002
  -2.13929384486890        2.11331599812389        3.76953199913615     
   6.15198656951531       -1.20557461163197       0.686033882932838     
  -1.30119136752203        3.74531977863594        6.61041330330390     
  -1.73415429877564        2.11121039252734        11.0432008398765     
   2.37745810335166      -0.633421342146482        8.22415793761383     
  -1.54473779958512       -1.82129178326990       -3.27402432432283     
   8.07212097668459        3.06784801530595       -1.38350103761365     
   5.01444755493459        2.42533478955330        1.86661738140165     
   9.20192330534830        9.38208079524179      -0.929667927919550     
   3.60817656749561     
 -0.331036811093783        1.17915459701820        7.49616763577166     
   2.34060161995317      -0.624008149710994        3.34578123281294     
   10.3224155123716        3.02509135074337        2.80696452644988     
   5.96371030483286        2.92924049459408      -0.706696249801400     
  -1.57809920735913        2.03236772189225        4.80717642441560     
   5.55485936667633       -1.61869217703597        1.55936408771454     
 -0.514537900947447        3.75224300963117        6.57909424217777     
  -1.73915843344325        2.05961946616645        11.3041227335142     
   1.26961441997131      -0.417607926673691        8.34812353633232     
  -1.26833246534448      -0.478813601645357       -3.18299953371631     
   7.36204539295739        4.08160479438936       -1.32342189138152     
   5.24549970879317        3.67393353096278        2.86556447442335     
   9.80321646659363        7.39316423965976       -2.68224990888706     
   4.71383394454082     
   1.29997490457651        1.60592506842703        7.67992279959877     
   1.92454921859320      -0.597592793581103        3.36763445487033     
   10.8500557654699        2.93639400810754        2.44004401640433     
   6.05517144743106        2.17439077623907       -1.14434209870487     
  -1.03781221577634        1.98128301963660        5.64267279225146     
   4.75429125365401       -1.92354098244069        2.37169517824162     
  0.495954385630590        3.99857179616703        6.36931796271212     
  -1.79657386049492        1.97786709072615        11.4445736523478     
  0.383220608963275      -7.518860026094937E-002   8.40401245512900     
 -0.638622286632059       0.519468846188134       -2.56984188598046     
   6.81126532220719        4.88711833650028       -1.19634421784461     
   5.43526174645572        5.17551093518795        4.15637195785498     
   9.99038267514511        4.23758572650599       -3.46430258840543     
   5.74490472981048     
   3.21345434255725        2.16207876612337        7.68321227772687     
   1.35902171659164      -0.477896759026092        3.39071808787163     
   11.3106234907084        2.62388616750815        2.07624530305843     
   6.09118943170706        1.47651789653342       -1.25840727658406     
 -0.559874842455993        2.04683687113401        6.30146492313790     
   3.78740671920005       -2.07495065915691        3.00555269750379     
   1.73340083686037        4.42210618037572        5.88623152162906     
  -1.95578096572793        1.83473175106339        11.5058452831389     
 -0.190338896744952       0.357789365702188        8.43334991285109     
  0.117028727561043        1.06891177368858       -1.72871872488318     
   6.46102702355176        5.43099408063809      -0.979162313362052     
   5.56368193367700        6.96921814547274        5.60533935573832     
   9.03381171611287       0.553411047680936       -3.30600996065319     
   5.92814099370743     
   5.01129457138722        2.87803389717908        7.35889378402200     
  0.675535729919955      -0.222531436565555        3.48066908045079     
   11.6546706745812        2.09077272258541        1.79073975233070     
   6.12113024090247       0.910782942317557       -1.12995657756095     
 -0.149944563030936        2.25449832482629        6.80655120142388     
   2.68843415841402       -2.06421844551754        3.38005156671971     
   3.14797913419093        4.90701259398038        5.00726698961661     
  -2.20814206566782        1.57130577254631        11.5307721092701     
 -0.371960358093937       0.826726958263616        8.48545684611169     
  0.791450157722991        1.23425237957956      -0.866992263652446     
   6.30669771164269        5.74473453937773      -0.701034210662019     
   5.63585768775067        8.98976029816305        6.60144249725635     
   6.27088080432798       -2.51600175483821       -2.61847349006163     
   5.33144421019210     
   6.55840168461800        3.76923183689960        6.54033825671461     
 -5.949837275479440E-002  0.173421556147569        3.73288861332826     
   11.8334274378083        1.35017004914655        1.66780479267060     
   6.17412672218182       0.494153201206892      -0.841733939608976     
  0.213358738020299        2.59751422918928        7.15369984563352     
   1.49295086373598       -1.88492367865834        3.48121670444866     
   4.62864093757351        5.27051930057588        3.64559695738754     
  -2.45473229619472        1.11323327128748        11.5435481796740     
 -8.709816217841296E-002   1.26509304979896        8.57849699309799     
   1.25626322211687        1.15560318230462      -7.555917089048481E-002
   6.33502711571305        5.87482410021048      -0.410830644526605     
   5.68939962999984        10.9324030552973        5.99867448837015     
   2.19703973484227       -3.80262334015282       -2.17464097874293     
   4.46933170285135     
   7.92818057391891        4.67945262658942        5.06869398635407     
 -0.709192250995850       0.635841359968507        4.23355097688053     
   11.7868849560154       0.419015385436466        1.77960584033729     
   6.26575709189794       0.194685790508256      -0.457471128474246     
  0.563799159114899        3.05960191624316        7.30678000067075     
  0.255143123394968       -1.51421195386402        3.37995781818968     
   6.02135918787085        5.26958811964928        1.87328614394683     
  -2.50408029443799       0.426935572260413        11.5235724358223     
  0.728637419295894        1.60325751830663        8.67639359136612     
   1.47418972917932       0.974731763936355       0.629277039437181     
   6.53266051686427        5.85074419122273      -0.150502288262161     
   5.77436971465740        12.2309772085253        3.10049070231393     
 -0.988015235855019       -3.35231561643237       -2.26844730797404     
   3.51938653935133     
   9.05760282281106        5.31756339824225        2.93449376859928     
  -1.06071524049911        1.01479651061220        4.98049824644788     
   11.4318919707959      -0.662606094391740        2.15956871891705     
   6.41813345956923      -5.164840859094025E-002 -1.570097749970010E-002
  0.938577139880976        3.62321718542217        7.20586999690775     
 -0.942779639461529      -0.932058259788414        3.23777754739902     
   7.17651838993875        4.67455927996871       1.674104358549944E-002
  -2.16701668210031      -0.372280238098452        11.4013712520482     
   2.07439142544683        1.77976446583667        8.70183163035641     
   1.49143143562887       0.801151681342957        1.26129405755182     
   6.88048538792686        5.67881993906475       5.512166277784726E-002
   5.91843446114413        12.3796937668857       -1.00169506529524     
  -1.29155212783236       -2.52275851590457       -2.34746626735246     
   2.48496312237837     
   9.79507949614471        5.35759550843888       0.465137027900451     
 -0.924404330096452        1.21811278658101        5.84427839427531     
   10.6841824854853       -1.79358334521109        2.76284686070635     
   6.67196692098485      -0.319139976457365       0.471581685853180     
   1.37902720244679        4.26601635883006        6.78099677622666     
  -1.99990580647587      -0.174007877447004        3.27551807438792     
   7.99744273760011        3.39447164957489       -1.42686192248883     
  -1.44714669667253      -0.984855586638528        11.1171482724226     
   3.78469309343926        1.76096883985840        8.58903961035294     
   1.41631318323218       0.696686403309413        1.84287960392350     
   7.34673809592181        5.34571703947474       0.196623162610692     
   6.10965169263367        11.3669613510760       -4.17318750287709     
   1.09166601651776       -1.93298565953717       -2.04466976184144     
   1.53145848059939     
   10.1520278238371        4.61583553702049       -1.74250463717666     
 -0.321089865033909        1.38450810041685        6.67630754915346     
   9.49039866639298       -2.82915745125868        3.43093773634856     
   7.06689909012048      -0.656115625203988        1.00997077754056     
   1.93629024243239        4.94922916894315        5.96632264492694     
  -2.83107452197842       0.621683180828061        3.68006566187127     
   8.42295780190258        1.54817897854471       -2.05222154166154     
 -0.621929546243107       -1.13342228834691        10.7067654165890     
   5.51704830719555        1.55851701027264        8.34262426673897     
   1.37507184276652       0.671688408825222        2.39781623468979     
   7.88426713927168        4.82408864169020       0.278211623690434     
   6.31456826182342        9.68516030775251       -5.33444730832175     
   4.35721793971732      -0.948828738183375       -1.40749457008602     
  0.919253002942794     
   10.2943334082332        3.15979311479183       -3.17325183062747     
  0.416603108389168        1.79043085414142        7.44187006917832     
   7.79661767132805       -3.67557697018774        3.91134442676111     
   7.59949678398635       -1.04030456085730        1.60796423027513     
   2.67408533012215        5.59538205453944        4.71270671286196     
  -3.38826545933786        1.22714590270395        4.47862128474449     
   8.35041448632570      -0.564486354834832       -1.72712715850536     
 -6.193357703616204E-003 -0.815581023576763        10.3036654570701     
   6.91711962643307        1.21848598662430        8.04578049917126     
   1.46147483328762       0.699874292158282        2.94493292616257     
   8.43076276766698        4.08266960254735       0.323564971023736     
   6.50898424067742        7.92194790099679       -4.94766608480443     
   6.87046457685798       0.688331878180329      -0.878851494713890     
  0.748725844929401     
   10.3460210324266        1.30299189168835       -3.63637390193896     
  0.848035754259169        2.51465885451310        8.13706981417441     
   5.51321183068492       -4.30393176007585        3.91611638561874     
   8.21070133545520       -1.33408592314230        2.24785488796459     
   3.64833328409588        6.05294817784766        3.01218920247642     
  -3.63359976293828        1.41615402895773        5.47031232400398     
   7.65749320166651       -2.53016393052615      -0.604928999100968     
  0.382525382851265      -0.228533382245016        10.0535876218415     
   7.78371618908623       0.788077189268385        7.80708540676173     
   1.71862148507974       0.744475161755122        3.49059957381232     
   8.90971389734359        3.10588482985805       0.381690450016141     
   6.69046680788222        6.42974857892571       -3.91705455661683     
   8.19339821752598        2.42735232055799      -0.937393017697423     
  0.789114855416820     
   10.3424779573119      -0.475945745632270       -3.19467690792184     
  0.816517495930761        3.33272076452386        8.63297469449595     
   2.63505743344787       -4.60041012981763        3.19350327560861     
   8.80367223407162       -1.26579308339359        2.85790250733012     
   4.84081259776439        6.06784260052042       0.970149119223910     
  -3.48451510629746        1.10001156059644        6.31779247484269     
   6.38934642321284       -3.96028566517958       0.896086578193041     
  0.840095518891265       0.504338376608759        10.0480885621431     
   8.04677962604017       0.299909231289998        7.70405330044421     
   2.15520943456085       0.774788497540271        4.02560353951398     
   9.23457234877156        1.92073433533167       0.518689894129383     
   6.87437366969082        5.30181963780966       -2.80224247686245     
   8.69078725770796        3.61889627569713       -1.61742387163987     
  0.754759473640081     
   10.3075701317600       -1.68211473340529       -2.05918430326624     
  0.595340520590998        3.99972009097937        8.70375099427082     
 -0.528281889747275       -4.23221192734705        1.72980770109305     
   9.24329348480697      -0.494604050180015        3.32532607220508     
   6.06056117525807        5.34673878689228       -1.07971506475825     
  -2.85579148021615       0.447762326418736        6.79228431837021     
   4.85356872937909       -4.70108465460751        2.22667028755975     
   1.66402565336067        1.42338235862473        10.3013137962573     
   7.64250046542187      -0.215321778940870        7.75433259974897     
   2.76551928505542       0.766757147658164        4.52719988619624     
   9.32328787286363       0.614551874690383       0.788125190578932     
   7.09142027210017        4.48635047838860       -1.80041049384472     
   8.82267947333392        3.95295479792039       -2.63120049287597     
  0.491560504845921     
   10.2556902285696       -1.94482734367529      -0.618015938299209     
  0.607558606829856        4.51615866398012        8.17742749820948     
  -3.33089439261000       -2.83078919185455       9.886932931753997E-002
   9.39623944726195        1.15011835088563        3.57066431940078     
   6.93863422125266        3.79953184673624       -2.60251274146401     
  -1.86323480492118      -0.146625326988821        6.94563376901511     
   3.39173239846946       -4.88083212574574        2.98796621856862     
   2.91591175749823        2.65578133244641        10.7010744965804     
   6.43798239343368      -0.692377567513300        7.90103222265603     
   3.52855751400152       0.699160366402612        4.96558208913215     
   9.12382942591579      -0.678053516702891        1.19037579730782     
   7.38737362179919        3.88199808083584      -0.945474730810740     
   8.85906302027962        3.42413785558042       -3.64010467270103     
 -9.982763851926417E-002
   10.1210967742774       -1.11159208044237       0.594477126633182     
   1.02602584560562        5.02316186982842        7.01838280623183     
  -5.15929681621136      -0.555855074563746      -0.605503329294500     
   9.30410277886500        3.34818073741768        3.59132908489524     
   7.13577308880419        1.77200971375615       -3.19459020073341     
 -0.889260149523000      -0.354898452688717        6.99001186227846     
   2.12481408792696       -4.72316211534166        3.06182515415384     
   4.45889151806090        4.35753581736618        10.8888367482662     
   4.27176521912603      -0.979344692825968        8.01313906198510     
   4.37730301699631       0.561636225345134        5.31637916180581     
   8.63709499518239       -1.82478262160864        1.64854641546856     
   7.80717029369301        3.39334151380364      -0.232133986674325     
   8.88557349822630        2.20112876171051       -4.33318744500595     
  -1.10235928804947     
   9.69763241981089       0.685972669083940        1.12612531165255     
   1.66470840859079        5.55640592937536        5.31729635473364     
  -5.89337861670785        1.67431080352338       0.318260927675794     
   9.23732794214857        5.32742562238614        3.35099080448251     
   6.61414877386373      -0.105880389614180       -2.89509772980207     
 -0.242056326170758      -0.162055456713222        7.05776203479193     
  0.996962288511621       -4.36700534199362        2.52735881881312     
   6.05959515233975        6.58250313935031        10.0925441562932     
   1.19610818743196      -0.855669535381001        7.96953501589347     
   5.16069342072610       0.378868118774952        5.57763125679797     
   7.91363165062852       -2.75371287406528        2.02624872081306     
   8.36157162873974        2.96527107532688       0.344762452950397     
   8.88230189010229       0.580872539777365       -4.40217764983376     
  -2.45659964275384     
   8.74716291223898        2.98956672794216       0.871914280008528     
   2.22895906980678        6.03098245473567        3.26009535979904     
  -5.88842929662513        2.88268962452958        2.52371770108621     
   9.45746517317335        6.27971138132782        2.71479582764359     
   5.73141900556691       -1.34668877466252       -2.08000195185708     
  0.112196855006094       0.261536593714176        7.15104187605891     
 -5.065173200237647E-002  -3.82413970906841        1.58322844957610     
   7.40012199534145        8.93214382734369        7.23874857313317     
  -2.03986721627678      -0.388635798701701        7.84626903615248     
   5.70095130078898       0.208037873703903        5.77403777470415     
   7.01799377881647       -3.47578362923220        2.17728516529978     
   9.00579036777968        2.60543939678951       0.790566504062785     
   8.80028881327258       -1.01716658650313       -3.59610224598264     
  -3.78590841149492     
   7.33095646706525        5.14779064209940       0.156564628903250     
   2.61863290020920        6.36713397848968        1.06791353313719     
  -5.50508445835413        2.72801442364274        5.03341244465865     
   10.0239155300067        5.65675005146277        1.72243358091800     
   5.04539352914945       -1.84723503719756       -1.12946457400469     
  0.379555976805477       0.792402066983978        7.21852739674762     
  -1.00163575447316       -3.03247844145076       0.541317997136254     
   8.15296787660119        10.3496740948562        2.07662430613690     
  -3.82631290284374      -0.430838919553322        7.76100571208369     
   6.03732319288882       7.851740786236769E-002   5.93639798591134     
   5.99570602559169       -4.05510739565049        1.98609521403556     
   9.65021179371230        2.39567376229197        1.11663986120632     
   8.61501393503391       -2.13871584416856       -1.94568825608637     
  -4.49839562044125     
   5.90962774205216        6.70763108480242      -0.515938310649129     
   2.92910107593488        6.51922761521728       -1.05081289128181     
  -4.78257894470766        1.51413093642407        6.87882968774094     
   10.6899378379683        3.38081026331958       0.850661175588199     
   4.83666064122431       -1.77807424718361      -0.241346239115147     
  0.705397531851969        1.39764218236056        7.19900132943544     
  -1.78227299769288       -1.95389186289045      -0.226502758592806     
   8.27199542349429        9.90244318360552       -3.50506991512822     
  -2.73819351615720       -1.40324495346803        7.39983987045764     
   6.52564143349500       2.519336345336961E-002   6.08451778186375     
   4.86567275200994       -4.55344185248229        1.37913684678378     
   10.1796942379988        2.48581032010733        1.33072332594113     
   8.34478115988103       -2.49020929199155       9.223134355134555E-002
  -4.25331673717630     
   4.91693868446484        7.62752294454489      -0.847933956509700     
   3.25152685531051        6.44400115569330       -2.87374496492695     
  -3.53514319538655      -1.788301138304438E-002   7.52573736181290     
   10.9776947973541       0.150579023392352       0.727925442452394     
   4.92121349826167       -1.38391254163470       0.517508364923072     
   1.13568447731987        2.07756837725466        7.03146996772522     
  -2.31633190813389      -0.659467512712332      -0.432245397961015     
   8.11780172946775        7.81745933224319       -6.99655564777656     
  0.646569062491997       -1.54760298632570        6.83799296022425     
   7.23854686228925       0.146619226587107        6.21678978476537     
   3.61296861230731       -4.97715562909815       0.328251334047916     
   10.4420207795792        3.05716178432525        1.41716877366875     
   8.03441439712907       -2.06964896372709        1.89280448283288     
  -3.22615963872178     
   4.44810056658525        8.07787880418054      -0.833421719303923     
   3.59879030712046        6.11365993662662       -4.16553133953775     
  -1.71875282556879      -0.996786662856630        7.21935292530156     
   10.5898753156425       -2.78008671208156        1.52164849219087     
   5.14415895808772      -0.932491976897427        1.13501951153109     
   1.66737347396108        2.82313872901611        6.66328471148547     
  -2.57969704925433       0.668253396016981       3.735267661606501E-002
   8.07418608253266        4.94613758387261       -8.05304932912878     
   3.67618273396482       0.609655115374473        6.75765367604821     
   7.62629331270334       0.402436517254735        6.28989061212752     
   2.22676127463652       -5.23263661629253       -1.11357455818885     
   10.2048416424326        4.24006696528984        1.34785612258702     
   7.72689118058080       -1.09044682133171        3.06538568849335     
  -1.86150849886935     
   4.39183814711709        8.21992445636106      -0.599340871346619     
   3.94397791235750        5.55151747640038       -4.79872525447136     
  0.327388098500306      -0.891728275981635        6.75576516785540     
   9.57988111245115       -4.59758569397418        2.75577604637974     
   5.65863804147217      -0.642955477366781        1.64577118787600     
   2.29773092204283        3.60145959775260        6.05514903796099     
  -2.62068824539718        1.81826230285183        1.14002724884403     
   8.15533781220775        1.75398301587901       -7.86377057763845     
   4.33700304088420        4.11362339615437        7.21604520570739     
   7.06323715803989       0.581145940803768        6.27475347096306     
  0.800812910292215       -5.13161502650697       -2.72218402827232     
   9.16744306207752        5.98541413870385        1.18691182964929     
   7.44695040952018       0.178139613484233        3.56142258857295     
 -0.537149169632725     
   4.62526184614791        8.15175472580022      -0.284937760570547     
   4.25443172324270        4.83357712277691       -4.85320460497082     
   2.07204672016938       0.296317961009112        6.71139817604677     
   8.01964075639405       -5.40464803970769        3.73538552008597     
   6.54332107684579      -0.594631982663963        2.10432467161475     
   3.04604086960349        4.34869454518165        5.17766662641199     
  -2.52713988485337        2.63973160334450        2.70241087817253     
   7.96574995793905       -1.60993798105106       -7.03220854301202     
   2.52342275460280        6.99844694237313        8.04302206383665     
   5.25684572074433       0.585687060966041        6.23000340558211     
 -0.463225094841196       -4.50227785436060       -4.07146493807980     
   7.16098221135486        7.97961743814262        1.26720751028886     
   7.16707373783455        1.46366401121795        3.53697271147669     
  0.566245236075507     
   5.07166259404043        7.91765010027865      -7.295210556387179E-003
   4.50947972752584        4.05615650801246       -4.55042686532677     
   3.15310761821003        2.23513321020282        7.05325504027855     
   5.78406364825032       -5.69963103464743        3.95559309506330     
   7.60935381860710      -0.675907807329298        2.55206999723648     
   3.94100176748157        4.95764245778619        4.00974026350415     
  -2.36489599199432        3.07654771029911        4.41560299986179     
   6.92755444485177       -4.68763263472874       -5.20743414566434     
 -0.417628901556312        7.86163197900701        9.15359154803021     
   2.47641754429374       0.557823883101746        6.23148548079831     
  -1.37333969971722       -3.34160576507796       -4.75084504291924     
   4.43831705145196        9.74638660506911        2.15557482613717     
   6.70527383502245        2.43408855890100        3.23103457152768     
   1.44839499351426     
   5.68110381004239        7.50893912236982       0.149081732527694     
   4.71163041397842        3.30343164953335       -4.10953472220534     
   3.50996528964715        4.47130426560776        7.26889095329715     
   2.74445510010692       -5.72019168764273        3.13743072699339     
   8.57939262926171      -0.540832955506568        2.98208031127178     
   4.97116069742600        5.26208563231924        2.56910241599271     
  -2.13152779109416        3.16011497854569        5.89221291130800     
   4.75135381243971       -6.63927275789652       -2.39578536631494     
  -2.42832673857216        6.89231883289158        10.0836309270583     
 -0.414455955100318       0.816599148902510        6.28521764076390     
  -1.86101262550200       -1.85083465114200       -4.68624249422880     
   1.64085920377758        10.8374830447444        4.13638911371705     
   5.65621457300878        2.76371356752930        2.94319502283328     
   2.22172734317206     
   6.38858794626198        6.85551064451330       0.149002028313439     
   4.88727602428868        2.63458646419578       -3.66549756148074     
   3.29326604843095        6.52815027594328        6.66173765611711     
 -0.756490269000828       -5.21343045586939        1.29000763193480     
   9.18991206797567       0.314797192835281        3.30871904677889     
   5.99873218852699        5.06418386641002       0.986531597585671     
  -1.77193139342130        3.00373635048131        6.84004859168324     
   1.80149983057185       -7.09294596823341       0.173897857728325     
  -2.53403607222025        5.54747207943933        10.3669866854683     
  -2.48659167581946        1.51572782170527        6.40046645749601     
  -2.01036738552472      -0.292396720905847       -4.15644307181380     
 -0.611960838873095        10.9417271006446        6.66374742562748     
   3.62243378656044        2.51578322122813        2.96286224635111     
   3.03188317039328     
   7.06155658192413        5.83839727286785       3.471080677251575E-002
   5.06853736623905        2.08180940513202       -3.26893558941720     
   2.73173731805551        8.02831021462161        4.84217788001413     
  -3.68289423705228       -3.86913358312330      -0.919482308056149     
   9.22058549353651        2.19684383802448        3.42737286705224     
   6.72700554680722        4.26726347779930      -0.444338409008168     
  -1.27095664020868        2.79066536403412        7.20169126746864     
  -1.19349194865085       -6.39841288363043        1.38220219725921     
  -1.44875134553607        4.78166511296104        10.0486153261032     
  -3.49052251520345        2.43894962752581        6.63515307183936     
  -1.95575741427814        1.16675338994512       -3.51038523096433     
  -2.03706072463802        10.0476550133868        8.65516262179366     
  0.801049173820577        2.34882907218719        3.40251073945808     
   3.99219030893982     
   7.43726514659146        4.36474778376777      -5.909576415862078E-002
   5.26338122767941        1.64655328920838       -2.92035924954511     
   2.03793905830377        8.85519515116168        2.18008367232502     
  -5.05237552029802       -2.08136176898644       -2.38367909739652     
   8.65401724543452        4.78222114451039        3.34732329697555     
   6.87185468131747        3.03619941556686       -1.39031883240538     
 -0.729924627052295        2.69978893114085        7.09083111544172     
  -3.65539996442227       -4.94698152746605        1.30552208128599     
 -0.218192813346517        4.65645402760652        9.34894497408371     
  -3.73484039478391        3.27712690687331        7.00290628256327     
  -1.76712996990092        2.46419236416451       -2.95360727191739     
  -2.67885316285294        8.53305521218455        9.51583984847701     
  -1.82851038702523        2.82655121229068        4.31774020949775     
   5.12188288193099     
   7.05187132293904        2.53589826379733       4.581544915068513E-002
   5.44904409443971        1.29220235356319       -2.59963368269769     
   1.35897170956395        9.16485932007538      -0.453471431988693     
  -4.79024755873177      -0.694014436221553       -2.68966691309432     
   7.71979004171317        7.34184396433498        3.17330050095086     
   6.38472773329701        1.74250336456439       -1.71806621186063     
 -0.285654215752167        2.80207998500367        6.64099057338824     
  -5.29808177776687       -2.96489567556046       0.765048939800495     
  0.676942200547070        4.96816994120492        8.40629359090921     
  -3.63169104608272        3.85628120207159        7.46591556758283     
  -1.43696674584596        3.56716655910710       -2.54024705734757     
  -2.73601360088630        6.90843804327852        9.51332432256959     
  -3.37040340510308        3.71442083736247        5.90026676420861     
   6.30436903708389     
   5.35846767901872       0.824399332144338       0.406768136387432     
   5.61901700349811       0.952689512483996       -2.27822405213288     
  0.771223424366893        9.21111943318998       -2.33687039822777     
  -3.43510794096374       2.525918861310456E-003  -2.28944943017456     
   6.71209016066517        9.38774543042863        2.93518618356682     
   5.43618520329523       0.726469185470361       -1.55402894517713     
  2.796906325025986E-002   3.05711363436889        5.95138466615151     
  -6.07812777532506      -0.782699261544513       0.564935659642012     
   1.29625619973447        5.51623848802377        7.27248918137477     
  -3.47854991253478        4.12901567404351        8.00272272293736     
 -0.925877468877933        4.42166881553332       -2.25330010028404     
  -2.41751499643867        5.52128179509157        9.18036468952966     
  -3.72282178025645        4.38833531233248        8.13618869190667     
   7.17414037028479     
   2.35417257003814      -4.088640474367062E-002  0.840091769194153     
   5.79944345247934       0.584434631953681       -1.92164946910309     
  0.308555984293775        9.18409062769251       -3.15059522010904     
  -1.58162317362352       0.346774701472650       -1.66273228054993     
   5.86285130327922        10.8186451830673        2.53742973181249     
   4.30240417950551       0.151179769618721       -1.13395328994810     
  0.280461992608799        3.39824863356634        5.10543688137425     
  -6.15832323835156        1.13062384631454        1.06564320204962     
   1.87631051240989        6.13426005420804        5.92880998986332     
  -3.41298609436919        4.08329972051519        8.62696542240738     
 -0.204643463862070        4.93983499342247       -2.06873410793723     
  -1.88951945692453        4.51325786282405        8.83355128950785     
  -3.30862266275315        4.55475870372216        10.5448772105395     
   6.96168463638348     
 -0.746014539236988       0.191077659039031        1.24239686591193     
   5.97418443669891       0.203837192069526       -1.49831147236175     
 -1.279863271953324E-003   9.16595130318744       -2.90563304629750     
  0.246163295772938       0.716426757761644      -0.988320807887248     
   5.32094602297285        11.6953366309021        1.86830071836178     
   3.31256742389700       4.353978555488361E-003 -0.647910234055160     
  0.553076373201746        3.78146277153193        4.17099867013877     
  -5.81884802815509        2.41077942432509        2.19151086238015     
   2.57525802072182        6.64959310770614        4.31582143180731     
  -3.42784839900332        3.68259026871869        9.34335500370047     
  0.728264518415479        5.00196143858211       -1.97703747428155     
  -1.27605694387950        3.90468446284155        8.56243012360686     
  -2.58104088843929        4.36313276403710        12.4466308299420     
   4.91998528100676     
  -2.22173020178495       0.734467643787521        1.80674296130298     
   6.08481533896589      -0.179213025829693      -0.989476370622744     
 -0.119139168451539        9.16209885580719       -1.84341699893023     
   1.64541307444822        1.20488643432334      -0.308182743754758     
   5.15484381870531        12.0873559289329       0.928417205764228     
   2.77342122788131       0.173759296742005      -0.184405512768018     
  0.887052276245914        4.17672532907249        3.18596273282274     
  -5.31921240826464        2.94309342118592        3.67066638520703     
   3.46131772298588        6.81954434454803        2.42024623998994     
  -3.38521197408219        2.88511138413171        10.0816845613346     
   1.83138185581001        4.46778306031890       -1.96417247069814     
 -0.675706422385493        3.66046210704134        8.35937842303686     
  -1.82041687392287        4.10546473291985        13.3958952417110     
   1.36630713566736     
  -1.36746981348745       0.896821987511084        2.48847532971188     
   6.09734976070826      -0.577911183843342      -0.388066591363549     
  3.767149925947084E-003   9.15624458130073      -0.344930470678300     
   2.42273541100243        1.69861218001992       0.367892743647096     
   5.35765683947156        12.0275352369161      -0.134177400059564     
   2.84951194950087       0.555867050332928       0.235354322982298     
   1.28882164090966        4.54926719393526        2.16084133684189     
  -4.80709797589202        2.80353281295464        5.22023827738758     
   4.53639103136473        6.31481649635736       0.397004891657898     
  -3.06913818190420        1.75671569755962        10.6709708220677     
   2.97627249226359        3.22982754909912       -1.96450280438352     
 -0.181033879990493        3.71388679495659        8.20144800792530     
  -1.14801069572685        3.97267441172463        13.3739654875076     
  -2.19938144977862     
   1.13750424728975        1.26390877523618        3.11277356741115     
   5.99155419929241      -0.955352394083921       0.290133746421016     
  0.418934112142183        9.15444138189894        1.16778677525413     
   2.59269749817982        2.08956630998439        1.07218750554559     
   5.87936241490761        11.5055371499060       -1.10762940381087     
   3.48785819551428        1.13370465606402       0.596960824899012     
   1.74468731298267        4.85271457094108        1.10002288423140     
  -4.30429611561457        2.15410490684659        6.58623203433633     
   5.65859283305382        4.82101193446818       -1.34580801032203     
  -2.36701647070977       0.594987870299667        10.9387968322158     
   3.88786017955241        1.35298314271746       -1.81978819488554     
  0.127737649716326        3.96735834068994        8.08169366305104     
 -0.594029632625867        4.01040495711633        12.6631305217101     
  -4.31172671689354     
   3.82255411752095        2.63987106707598        3.68356522693077     
   5.63884936275161       -1.25752901711094       0.989970218112527     
   1.16169361499736        9.19102548018841        2.31449477876048     
   2.30192927377492        2.38771007933172        1.87346725726498     
   6.65492099316638        10.4733614492952       -1.84972792966544     
   4.44805882174886        1.95430213172082       0.858393128302895     
   2.22165147496903        5.03495475970515       3.141548863811156E-002
  -3.73964353168096        1.20560141926440        7.53963191412512     
   6.48933228322769        2.33025828033720       -2.26721315586590     
  -1.49666129110335      -0.196555351040336        10.8910083717872     
   4.20116954921343      -0.787679785115946       -1.34232667193530     
  0.261576907042702        4.30889963780462        8.01297833504862     
 -0.145240365911161        4.17970188482705        11.6408894952534     
  -4.59266038523948     
   5.60000752038624        4.83892682804646        4.00418176008971     
   4.84066407970115       -1.41851612382257        1.61757027783853     
   2.22486581707377        9.28792704130838        2.80678043315321     
   1.77043765537575        2.68139838706396        2.84932819880129     
   7.58319772689422        8.84550093406865       -2.34798500062797     
   5.41166995227652        3.03406396533711       0.951517690077869     
   2.66797275350338        5.05813513919227      -0.972786905086603     
  -3.01117524856847       0.221417590381850        7.95569754972727     
   6.66677718706426      -0.599387959901339       -2.04738922285415     
 -0.847234048093389      -0.475324052669483        10.7055513202523     
   3.70799328991193       -2.61612776357989      -0.525554416745989     
  0.405329309706930        4.67781632460511        8.00121763661078     
  0.224702421279964        4.42042183898360        10.6254042338601     
  -3.65735655413714     
   6.39234162777026        7.07617159070635        3.69959706307272     
   3.63325178403738       -1.33968887627376        2.07306217498336     
   3.53237198124866        9.38870871375159        2.48477693568773     
   1.26365473040595        3.03945907416013        4.06210781830468     
   8.45707366493492        6.51289371130203       -2.64357268737143     
   6.08168468368925        4.28996182298520       0.820819533400056     
   3.03685204562708        4.92595056717918       -1.80765206585713     
  -2.06625382888653      -0.515263044558487        7.93162823994773     
   6.10076158789287       -3.10940801649371      -0.851503531359189     
 -0.462474146518030      -0.395360758514906        10.5370341102839     
   2.52916487045092       -3.70162294060843       0.339322996838096     
  0.799626187141716        5.11459001867936        8.00312099549527     
  0.521505487471314        4.68340392420126        9.80109570699050     
  -2.29021396363689     
