   5.85976936535219     
  -1.02735251112681     
  0.207074821065079     
   5.13347475466844     
   7.85013435669367     
 -0.294447143276805     
   1.47209352150000     
  0.454231799932167     
   2.20337299795764     
   6.08856821946343     
   3.51782398006872     
  -1.37567549229654     
   3.13837839192375     
   7.77265168413680     
  -2.71831020882580     
  -1.68448120718907     
 -0.132645573547652     
  0.616941659854514     
   3.95127743097405     
   5.44750993734507     
  -1.48736453864614     
   4.39159051427504     
   5.57603413184834     
   4.03052901444848     
   4.23074520642017     
  0.375212087203363     
   3.96313391890683     
   6.89399857754615     
  -4.30040566765533     
 -0.797138205514830     
 -0.790018468914874     
  -1.51174300251754     
   6.36937123829981     
   2.92436688889150     
  -6.08608913849820     
   4.46323426438484     
   1.36200818462488     
  0.862533166228630     
   3.82663285496638     
   7.78873683304702     
