   3.64626567659427       -2.37194087742670       0.579023244262824     
   5.51799592259576        7.59972408994458       -1.18261118063200     
   2.09300411545244        1.15046580757445        2.70923505772507     
   6.50022514729264        2.61062117682502       -1.34476396799204     
   3.11819257198888        7.54629128931755       -3.62860857255498     
  4.851873270294182E-002  0.158634556456904        1.02202402992621     
   4.40934748913725        5.21438406324179      -0.895239518104057     
   4.56700870280831        6.89230823968321        4.05565997505025     
   3.33771317493891       0.803466563617954        4.28449655719083     
   5.94192898194973       -4.86978411699891        1.26211515745971     
 -0.262798001080023       -1.16653386418054        6.30255943633516     
   1.84336166416460       -5.54405754710628        4.69917186829307     
   3.29119476568835        1.19863755609612        4.37488159356736     
   8.59930924832898     
