   7.45143415021453        1.15067137622602       0.368778303562129     
   5.69743264635425        8.40579512234658        1.04625854250125     
   1.60935807328567       0.545839488730611        2.56391204608248     
   6.41746045297999        4.65178882949598      -0.851854695469019     
   3.79542908002086        8.49595150365213      -0.913683055010261     
  -2.54605846475273       0.161716623366164        1.05612367611654     
   4.54942179182021        6.04857341695794       -1.78947070025666     
   4.53347410252516        5.03564713400069        4.45748568925956     
   5.34421808639356       0.554131104182901        4.38926711206554     
   8.10055932692337       -2.69947458323877       -2.30923013081774     
 -0.676507913257401      -0.776262203629065        7.68610817208136     
   4.46771134785960       -5.45800062910592        4.55058713577448     
  0.981154383965701        1.29646738093743        4.31570704516619     
   7.63510783814348     
   2.63705721164754       -2.18849284261296       0.974337159992022     
   6.67169680224759        7.83002748391517       -1.52815899495201     
   2.47163779201888        1.99811067285855        3.75808949728063     
   7.33124593496082        2.36433249283528      -0.958584266814424     
   3.86820384737561        7.89946606282202       -3.89766293720773     
  0.563961584047639       0.653744497613430        2.00837954209236     
   5.71391071905677        4.93303000043539      -0.963062662168289     
   4.84337394931930        8.10805124048926        4.56498829667443     
   3.17248802181761        1.37561239481489        5.08099276623059     
   5.84784500898462       -5.03046577235349        1.66914200321965     
  0.238844988327905      -0.113568470397391        7.63597401672112     
   1.49013909151078       -4.80663320130414        4.94650875836043     
   5.04531721985981        2.04487801157683        5.65128859534058     
   9.48735541417411     
  -3.43351909751825      -0.663462870532641       0.478213511852565     
   7.49579094536977        5.78824710257379       -3.09492576403778     
   3.85435518301341        4.86733561650260        5.41254234424324     
   6.34598996766361      -0.561513792195652      -0.299611740332521     
   3.93442828680784        6.76281212865367       -3.83937715504071     
   3.57860939388472        2.89819037477575        3.25480708345821     
   6.62017820560040        3.32999021409470      -0.546551291353055     
   4.89166716459255        10.2369996023176        2.42931742070097     
   1.15023314171312        2.40108481557497        5.83807768973309     
   2.56071113018426       -4.73003277580466        3.73818122353865     
   2.66638212484242        1.32697266088966        7.63707437893069     
  -1.27028159293209       -3.46847590720189        2.73580920697951     
   8.07717319586178        4.20755398019780        6.45474810973716     
   7.25262462129157     
  -4.53729235262988        1.60463416920896        2.17439532128669     
   7.95221065382069        2.77275899983428       -3.52923993498594     
   3.53098514522348        8.69518742557394        5.91273332655722     
   1.87452962950705       -2.01358082045996       0.544861497432043     
   4.56457691561137        5.61274923371740       -2.59192193726190     
   4.60968564015171        6.40727439634213        4.72418871129538     
   5.87130075371366        1.22765639881361       2.205160325962657E-002
   5.06043710020533        10.5938962441318      -0.881664736953846     
   1.35078774257641        3.55891053289895        6.02894756925008     
 -0.935539444894741       -3.57761772402093        2.95236344760800     
   5.46203108001141        3.45338198656862        6.19915536259023     
  -3.44526796400597      -0.985155098978142       0.922253209411929     
   9.45930687336621        8.03396595636284        3.86311911405518     
   1.84806572997520     
  -3.13414834801721        1.47047665658806        4.61481369109643     
   7.62445376335985       -1.68424806458045       -2.55090133662418     
   1.22568738546252        10.6424867601502        3.22552991194820     
  -2.61517648202481      -0.793312708326536       0.581027568192954     
   5.34695073483642        4.68463378372288       -1.67593109512401     
   4.45267556692553        9.74833005053684        4.84154474339438     
   2.49064118169202       7.465717537365978E-002  0.886956958196656     
   5.84968813309250        9.11570432276986       -2.97129296203641     
   3.10164869595843        5.65399610034495        4.23082015232906     
  -3.63741070316244       -1.62674153564539        1.36333524372058     
   7.21801348301103        5.28826983249864        1.98170156933931     
  -4.00549905286264        1.06112514311842        2.01841190427383     
   10.3542374219396        7.40492663783905       -2.59812062231048     
   1.79471463818642     
 -5.039647713407500E-002   1.82118085958894        6.25398305829513     
   5.04132221874185       -4.78387878056357       0.492753361000374     
  0.591043790874292        10.6578156641225      -2.932767330679106E-002
  -3.10784251999864       0.322548856410208        1.29322596430046     
   6.04727046358956        3.85008115527772       -1.25049513817347     
   3.99959489929987        11.6535666208467        1.62799200656045     
 -0.334699328444802       0.671795452699306        1.84345091881351     
   7.06729719773823        6.12009257538938       -3.87840400492198     
   3.90331795654651        7.87622152730741      -0.387701220858781     
  -3.89512039094436      -0.284533596263814        1.22747122986521     
   8.04453663402564        4.33535887531362       -2.74807866584489     
  -2.56229475910733       0.688704408547862        4.06571733453965     
   11.0053214136799       0.106274142401857       -4.43203657092222     
   4.57010170414041     
   2.97508973521373        2.91529075230762        6.73376089630104     
  0.755406306228389       -4.93927682501453        1.76483526093137     
   3.52677306606274        9.83069048392184       -3.05930189090428     
 -0.481381862841502       0.585364182896301        2.38353104553753     
   6.80169038843469        2.49128948761495       -1.08142197445528     
   3.52960819076178        11.6976673604931       -1.90199430072071     
  0.909881046280662        1.51340106924138        3.29376531043995     
   7.88470171569785        1.59995043557685       -4.12134449943932     
   2.67274234053159        8.50253352922606       -4.12666851937708     
 -0.507959325990303      -0.226740344777063        1.67647697211119     
   8.51657371661680       0.630871646558488       -4.07458086147168     
 -0.713883000236916       0.296725431303381        4.97962209222000     
   9.00634988239290       -6.50764142957349       -1.11780137774893     
   3.73055651148947     
   4.67534944933832        4.17762543235058        5.09601465483447     
  -2.96106560514253       -2.98553580159997       0.206190304941493     
   5.38393556615793        7.46452630469043       -4.60815553812728     
   3.22188691994939        2.46394878495606        3.64763096729482     
   7.03412453621484       0.504637861564431      -0.645840086177561     
   3.20354595152066        11.0231989783922       -1.96523754124881     
   3.56837915790922        3.68003777768747        4.97319682428013     
   6.56322069542319       -3.09808119966090       -2.29824753493872     
  0.276338443898341        8.49981163154565       -2.70672974481210     
   3.34159770197126        1.56100050523432        2.64534153861814     
   8.17162448796654       -2.78776434487955       -1.80333659638168     
 -0.245074350557198       0.794006512517578        5.70822609458709     
   4.82862818603724       -8.17318159248381        1.85372941267760     
   5.12418915625333     
   6.77087573377711        3.06649120853300        2.05998036018476     
  -3.77993314177401      -0.543018786338869      -0.393348212601752     
   5.53809661674009        5.42652067826197       -4.13615533970824     
   4.59926570527145        6.59847359577215        4.95249516626759     
   5.07373761020424       -1.39135747502854       0.387976973984822     
   3.60857285164644        10.5694314906812       3.913435513138593E-002
   4.65877721657033        6.75213719866819        5.28387535191193     
   1.92384541175680       -4.60599099633368       0.499496981437866     
  0.239436980500602        8.54740070300045        1.70104062642757     
   4.22613729239337        3.73154003902912        4.05960691112586     
   6.16057941110970       -4.04242585694113        1.67767042162212     
  0.696481710526360        1.61160137688460        6.23718120427299     
 -2.866854090853660E-002  -7.53550208307033      -0.421554942000268     
   6.90141807551070     
   9.16494807231513       0.283546133718689        1.06069442008293     
  -2.76364815725894       0.769718623461428       0.667197809575848     
   5.86637108700272        3.69703921892696       -3.49486003325223     
   3.58469809069858        10.2978792142391        4.16521864749947     
  0.738195174145930       -1.57693709999542       0.984641038687863     
   5.01982428932624        10.4599285120793        1.40262064818694     
   4.86864033298175        8.31220352466537        1.85427474380510     
  -1.68653962244012       -3.34151629548002       0.811241844258909     
   2.07845007140498        8.91437466908471        4.58214096024011     
   3.28070710220945        4.66196721332257        4.80555250819071     
   2.90701349612636       -3.58728453237947        3.40045152285926     
   3.10401567680068        2.84518917988910        5.58131868786413     
  -3.96058867179725       -4.05600854777548       -4.08204848257951     
   3.76347503250660     
   9.79427034714342       0.982390790028058        1.50205058131735     
  -1.52709178187677        1.53479410277603        2.38545036972687     
   6.32436616433081        1.38007528714168       -3.14210515261304     
   1.38913605624984        11.6698226442619        1.13118368181797     
  -1.54053142943169      -0.514367186525176        1.13090885410793     
   6.53527902303140        10.5420950332052        1.23086330758639     
   4.92720308333482        7.50920857653121       -2.27150206318658     
 -0.305804570262189       -2.25438796134447       0.499302806485368     
   3.44822148747977        10.0701561042659        4.68715339409996     
   1.69956843702653        5.05716865205338        4.64238752524003     
 -0.140049455683231       -2.56285493249035        3.04155220029764     
   5.73060598270643        3.82508085760281        2.90799076335164     
  -4.81551563991517       0.985168702128360       -3.78672242131115     
 -0.194310456035744     
   9.26477510673855        3.40285163970383      -5.630754224298298E-002
 -0.541108831711175        2.03607791584362        4.25442223747897     
   5.93404682558396       -1.45137835404281       -1.90510116974267     
 -0.810971981658523        11.5088808957894       0.191288436566260     
 -0.948079172687024       0.264752540013261        1.80319670484301     
   8.16831201324314        9.74815571270320      -0.315104011309937     
   5.14000785124885        5.90246274991955       -3.51893424595673     
   3.00369411039467      -0.635170265540452       0.891312745494244     
   4.71625651890325        11.0565537541199        1.99432663862121     
  0.596105954518163        5.49039467674848        3.89223612888354     
  -2.21906938749379       -1.24809909737133        2.19350174263268     
   7.44360070058851        3.37661139890559      -0.442453465617308     
  -3.71799909568496        3.41749069810145       -1.81507963326808     
  -1.25277381919412     
   8.75454479053726        3.74418306891171       -2.43377345951839     
  0.542525515481714        2.73039717857055        5.80656675362783     
   3.84691876178008       -3.22994883056811       0.554936784377245     
 -0.740805479879497        11.1228972893973        1.34694104310667     
 -0.782761045061659       0.978934986293585        3.09009332643631     
   9.96071852127858        6.38852152209622       -2.25794100609467     
   5.83617365983702        5.18091474104571       -3.00082424234284     
   5.08142054061551        2.13213657328469        1.74333802120792     
   6.34733104349379        10.0510430981788       -2.14900526560774     
   1.39637835967712        6.10760665601047        2.38939330589384     
  -3.09957999803206       2.320394415561963E-003   2.27571982314529     
   8.18839361247322        1.18814013674746       -2.05009990555474     
  -2.72680866672880        3.79968980453787      -5.247392201018330E-002
 -0.738594259010443     
   8.71255734082837        1.76722039084261       -3.49026037400888     
   1.16170133063908        4.18866764579121        6.44590772592213     
  0.337073690825301       -3.06801704850017        1.85925586106242     
   2.09503767344372        10.8585457856348       0.486362893375946     
 -0.955446480453098        1.48026715110657        5.03000031126082     
   10.5436887132900      -3.559883398770664E-002  -2.58678384192308     
   5.60564904118175        5.60765360466776       -2.01643634612969     
   5.85727450128613        5.35767348912021        2.97810205147415     
   7.50316593624481        5.83334196636541       -4.91993486131541     
   2.51979181422760        7.36625265691727      -0.243372721017527     
  -2.61407003116127       0.415139797457101        3.23217655818899     
   8.10683908197276       -1.48908890540578      -0.787782364179417     
  -2.20432505479871        3.72431571232704        1.64205284292470     
  0.565259256177650     
   8.31836850344459       -1.37142684439887       -2.43894927829504     
  0.531937464707050        5.45937476009702        5.54405336185648     
  -3.02693183689140       -1.31528875238740        1.52317317369703     
   4.84465671045393        9.68391917850320       -2.51247065507197     
  0.789052160671959        2.09111552654008        6.93712782682108     
   7.41973697055832       -5.90496760245830      -0.234970680661203     
   4.72625225978261        6.05895582215626      -0.444297604986529     
   6.05597488626961        8.52797579181934        4.25796983152407     
   6.09336953475745       0.133571295818992       -5.00585344302030     
  0.642936024649175        8.21778549963384       -1.95560516368559     
 -0.518880705124217       0.479641256553496        4.13329748242745     
   7.23676686020436       -2.72976894251264        2.14630078128576     
 -0.712746640586016        3.92694877447253        3.46641483857412     
   2.53573948464240     
   5.93948690170019       -3.62187496482346       0.383144424781063     
  0.551805129432916        5.99241995050588        3.50328002873353     
  -4.50385018087063       0.734423714132701        2.09644469408693     
   6.56479508459147        6.70816813105904       -4.31617940497901     
   3.18983709264000        5.03878300825144        7.49943195994323     
  0.203724453019218       -7.19438037291615      -0.168318983025539     
   5.48487214965224        6.39962931844313        1.11290016440606     
   6.48860730781131        10.6113077714035        2.69561820895131     
   2.32039122090050       -2.24069361659805       -2.97836031045315     
  -2.24918298660893        8.02890577700605       0.218670158494694     
   1.20286562419457        1.55706087528769        5.12021657266434     
   5.81824370667623       -2.40936142132483        4.26819525080528     
   2.39654546827905        4.46989709621064        5.10156936379697     
   4.40601703886045     
   2.14478609057518       -3.67229669289821        2.09260933005410     
   2.74727384310156        6.28156732758663       0.471307631026626     
  -4.21224791288176        1.11438143151019        3.99398247438963     
   7.63785235802377        1.68234354269427       -4.62686916830435     
   2.53758322752105        8.56898952397090        3.08546167446793     
  -5.80139240140150       -3.22516273504384       -3.44960226863284     
   3.50699429677527        8.38671790969050        3.36600734630612     
   7.27461935845349        9.36028630526163       -1.65963001713486     
   2.34841702588053       -1.58945862073904      -0.947602468262022     
  -2.95307362281916        7.03015814357081        3.92272304582353     
  0.905378556541747        2.67087727980064        6.23054753710066     
   3.81667629602418       -1.78182880265706        4.86034006369572     
   6.10736789984847        5.23844572431728        5.60219753704388     
   4.37992593430724     
  6.488538931667112E-002  -2.61287081048288        1.83540111672323     
   5.11342468143004        5.19963889513688       -2.86165544658875     
  -2.29809234077183       1.678530479012252E-002   5.08895970226186     
   6.94156022587915       -3.66719458978405       -2.48753085136336     
 -0.483383626447206        9.16356700847301       -2.04602091077705     
  -4.63098596460076       5.330371866279618E-003  -3.27505223917293     
  0.377389495359073        9.95023756577242        8.47608033438945     
   5.69147272922801        3.80946493641433       -2.89705602587443     
   4.80791274209443       0.356940556516607       0.397058615008822     
  -1.95794254447630        5.92534535182899        6.23362548967338     
  1.154122057739937E-002   3.34370484138065        7.11572779433761     
   1.40747130433701       -1.22403081166430        4.51949946803524     
   9.55866292670658        5.61636598663711        3.59963504249273     
   2.71155477803627     
  2.293108796379169E-002  -1.50352325082413        1.38247025784671     
   6.39006719956740        2.56157922159611       -4.31222715350924     
  0.219372303710590       8.057973804628313E-002   5.37568606166156     
   4.71310667153092       -5.64162641042050        1.69323434250355     
  6.265464206643137E-002   9.28711985980891       -2.87342693184678     
  -1.10057691989490       0.897163536590073       -2.02776316518543     
  -1.11997862578578        9.18999763889956        11.0744881795490     
  -1.62260222365194        1.76426002317686       -1.32863318684899     
   5.35901164920841        2.47442361081447       0.292797283864015     
 -0.737118215559857        5.43957910345343        7.07206408774341     
 -0.413402178204153        3.86966134420679        7.43338879412616     
 -0.951877901261022      -0.288824031293825        4.16890101149089     
   11.7856089958792        3.36790632092671       0.319386960279327     
   2.40258540029289     
  0.650469796952659      -0.548467795611877        1.49908652022827     
   6.90739774570692      -0.333071607780000       -3.64274058019978     
   1.15841450165711        1.72622769329497        5.86309830160263     
   1.71717320674389       -5.17350684311891        2.92498810756637     
   4.55920593101834        7.98109125292423       -3.20841522389477     
   1.97561477830336        1.76505818230985       -1.22078463728120     
  -1.23334746679624        7.78419172256543        8.70626293193236     
  -5.12045751623297        5.87679984374387        3.25898487745732     
   5.49889199219291        2.73226689587063      -0.438648131556830     
  0.168502678733653        5.61077812703158        7.15327561073287     
 -0.442290834275054        4.35267762303085        7.02092061812367     
  -2.58611022183897        1.06606602413900        5.16863843831059     
   11.7396722233959       -1.38136219980808       0.219425546530439     
   3.03441745600189     
  0.810216522541755       0.220310147263620        2.12765810492604     
   6.86472460722375       -2.40056279650614       -1.60429951470004     
  0.924289509735644        3.28610033124204        5.86692497154558     
  -1.62122410785194       -3.76861364851927       0.889561370174629     
   7.17185929089793        4.79187020788005       -3.88690890570919     
   3.96945532213509        3.19686074106157       -1.23238007029124     
 -0.794815567293871        7.06489764444384        6.07594725186249     
  -4.34700273276992        6.52202762113154        9.55320730200275     
   2.53517557083540       0.502242132058523      -0.208167357207888     
  0.833842227199168        6.29404082172350        6.79393554584437     
 -0.434967068176808        4.81271182872780        6.06732475202617     
  -3.37588447990896        1.87202574809042        7.50900383214320     
   8.38630798614551       -4.99911227298544        3.13757967211312     
   4.36492482021194     
 -0.108248575393343       0.955704992474959        3.12569107285474     
   6.19681600658808       -3.14964348312111       0.903611611953001     
   1.52943414778009        4.40713068120339        4.65897614237377     
  -3.86394028270106       -1.02250424136871      -0.688439914477732     
   7.34521297046734        2.57974845090356       -3.70511548203102     
   4.29276242121449        4.65339739574787       -2.07359181898772     
 -0.307675694698145        6.90037250161351        4.09954543982776     
  -3.69273909277180        4.54835073540076        11.6749007593726     
  -2.08876434471474        1.39157085374951       0.776634433565224     
   1.76387607169915        7.27568638376229        5.85815802300492     
 -0.587524819487697        5.25548139254387        4.84105548398358     
  -3.88575012464113        1.48952200807496        9.19938712820092     
   2.36504778793224       -6.06215471014052        3.47562425133965     
   6.97908261760694     
  0.522095530236422        1.74987794193101        4.41524323156368     
   4.83832516837249       -3.00906256954006        2.58386286417109     
   3.66372337459826        5.13912841748742        1.98055516564825     
  -4.13888553163541        1.37110326215160       0.618423687273077     
   7.42627393347654       0.976602092059828       -3.05811626564212     
   3.68494052985583        5.39296314712098       -3.00447776257651     
  0.125625124421887        7.05270639633971        2.23340660970879     
  -3.54644639343626        2.02087615582360        11.8283484052241     
  -1.37322913860441        4.28344613894485        2.91634366615629     
   3.21412011950439        8.13451016303783        3.81978683981674     
 -0.747258308137151        5.66313310190341        3.42245222377882     
  -4.45770112261202       8.814941867990640E-002   9.53103915524085     
  -2.61549917237078       -4.13472213834626      -0.120974342997585     
   8.10335409419425     
   3.59954291631354        1.87198575603295        5.18544938610182     
   3.05010855764147       -2.62001616799119        2.91754174237036     
   6.25651262908272        4.18808670582783       -1.34098896035854     
  -2.99614824755331        1.57407358583458        3.13415634812582     
   7.19534273950144       -1.37032513523460       -1.83549069143711     
   2.86482614442478        5.51337741000596       -3.40701698668839     
  0.438452345002149        7.36280886522432       0.351744010758054     
  -3.09834146089680      -0.719307872873005        11.7160522446173     
   3.94154485326773        3.96926147895210        4.78258687330139     
   5.10779792916211        7.45897836072976       0.716124687724103     
 -0.313487623285606        5.96922802373728        1.68463062205961     
  -4.80954231812626       -2.13666498471031        9.31232049287870     
  -2.36446907608879       0.150407761725076       -1.27825150632111     
   7.77693513496299     
   5.64534161343786        1.40451508815571        5.15667684543309     
   1.62213125437603       -2.05143010060273        2.41261221388221     
   7.84204421154831        1.19294597112270       -2.82549778285868     
  -1.54345520298052       0.968169533017082        4.75142140857882     
   5.89319402337895       -3.48482449048367       0.115444049393608     
   2.82132953187811        5.19059710927907       -3.35805591236392     
  0.564438379545797        7.66600893443628      -0.926347545279437     
  -1.58270813810573       -2.41330201412487        9.89858234850603     
   8.81141820057804       0.767411695354354        5.14300121069183     
   7.18334076592160        4.16973329108482       -1.92108960924262     
  0.489258226376307        6.27859461638735      -0.347948831285886     
  -4.04084636522927       -4.57237416357904        7.74657909072712     
   2.40134995605242        1.20803439511948       0.454805418219311     
   7.76193462533795     
   5.89724323440891       0.469399609316842        5.10135013645533     
   1.03205435035110       -1.34863306347620        1.93413291778553     
   8.24749762632051       -1.49908802873933       -1.43287670197563     
 -0.776426974181094       0.930245539118655        5.66540412779667     
   3.73646142053354       -4.29761765300546        1.48106579985692     
   4.17936134519818        4.12988365857028       -3.48270240799203     
  0.379983207080962        7.90891088498879      -0.768809656696811     
  0.370092665180492       -1.87690909777528        7.53220747055144     
   10.2988006399373       -1.46559680608233        5.61620819062521     
   8.42825212435972       -1.12163599863886       -1.91954144397669     
  0.257349182471035        6.59145595640795       -1.51595891962503     
  -1.58610991696902       -5.28504970396170        4.18009195860990     
   6.29054115126394      -8.896824364195674E-002   1.47537245215801     
   8.42399718790859     
   4.54887509880758      -0.577093873381472        5.49298568574993     
   1.33067609100227      -0.723688488071215        1.92000639525186     
   8.14690737166804       -2.06427930177943        1.16783618442882     
  0.143293630053150        1.46962674474328        6.27651783673497     
   1.14234762045969       -4.06744899801158        1.16654549969043     
   5.67641822801335        2.16396526291964       -3.76423373904897     
 -0.473781390225838        8.00429540893185       0.870502484536598     
   1.24449823327635      -0.227280653361670        6.72722871743467     
   9.82782502107710       -1.47985008465025        6.24503496232440     
   7.45331958116231       -5.01402541536538        1.59416043610884     
  0.908127227851956        6.77874295741005      -0.871472612347261     
  0.828495946939132       -4.09085879363610        1.27214123435846     
   7.70629085193609       0.319731245163614        2.17693531852768     
   9.41512936710212     
   1.79857072611556      -0.888638360779527        5.93418366400135     
   2.22471064045991      -0.412834670962644        2.27047104218577     
   8.02549696226338      -0.915926659377731        2.99935986602619     
   1.72838032823399        2.52363526336698        6.29342235439508     
  -1.41269905663221       -2.68891012772137      -0.119742758243846     
   6.25766648519628       0.433818824006931       -3.34752635152949     
  -1.84905486281965        7.44090630947094        3.26528364865709     
  0.584268733961183        1.13281366261213        7.34440983946249     
   8.64292384808827      -0.836110813007906        6.83475036813755     
   4.84488635731705       -5.73127611660145        3.99135713670341     
   5.27807994663819        5.85122263559774      -0.749072608076522     
   2.21920108211540       -2.68961918132714      -3.804048551004566E-002
   8.04305500627374        2.74238771565874        3.06824989940809     
   9.78776966228562     
  -1.15510559325209      -5.927478051899405E-002   6.12689264454612     
   2.95312164376355      -0.405844457280894        2.70744616158555     
   8.19819682626781       0.726891870568249        3.63282570888132     
   3.46164489604138        3.70677279339885        5.04004394051888     
  -2.97143486416017      -0.208483880182997      -0.431645438956062     
   6.46339875780648      -0.175728554176043       -2.20443924710402     
  -2.61266640694614        5.99942676795867        5.25662135522367     
 -0.738673256124067        1.85720420083491        8.66983328081218     
   7.00198207532850      -0.560265953392977        7.31688011519638     
   1.89382456156997       -5.44133281940835        2.30916927607372     
   8.94395629353476        2.88334315296470       -1.64949548280792     
   3.58682402918624       -1.27501068883728      -0.163753172155064     
   8.01725603081965        6.24858452101138        4.08319448542774     
   8.19712376908072     
  -2.36081067790431       0.774202872372966        6.61688856547900     
   2.98911760879276      -0.500773677485380        3.07213967326216     
   8.80802836675487        2.10244046150878        3.56073850324104     
   4.89317297836259        4.26703415214412        2.56233946768802     
  -3.02457091640694        1.71496330733759        1.29298051975515     
   6.64018699790948      -0.457450296905409      -0.883179744170709     
  -2.32639867490030        4.49652977077894        6.27758761152070     
  -1.56595707397719        2.11996317265926        10.0775404862162     
   4.83331464355482      -0.680897142061595        7.78978706156684     
 -0.586568421051744       -4.35710811965459       -1.23568698425028     
   9.36031785817386        1.50490622170138       -1.59287106408650     
   4.47771643386373       0.418460299662935       0.534552184371372     
   8.22938742508983        9.41396156254159        3.17918254617150     
   4.58749514924272     
  -1.43607219423487       0.935852013948336        7.23900424779613     
   2.62555082634546      -0.600881871591028        3.29449215424368     
   9.77728073638971        2.90115156363985        3.12802470770972     
   5.76064260738329        3.61559200950675       9.825273890106295E-002
  -2.13950336929698        2.11371556839974        3.76978258421018     
   6.15215078538847       -1.20537051657463       0.686128554243084     
  -1.30115712950130        3.74537955317712        6.61015310343613     
  -1.73416229286603        2.11112950493401        11.0431732606330     
   2.37751281439291      -0.633444318833753        8.22398829309174     
  -1.54475048256226       -1.82130115696432       -3.27406745466669     
   8.07222445091064        3.06786968916539       -1.38343099416345     
   5.01445945355704        2.42529511177544        1.86661627830047     
   9.20201462540298        9.38202764858989      -0.929803468171517     
   3.60828271281906     
   1.30155937270922        1.60623624516220        7.68042912779114     
   1.92413005167616      -0.597838390376917        3.36748589005259     
   10.8499424134143        2.93648953741532        2.44002248419911     
   6.05486890275261        2.17518229718204       -1.14392607716943     
  -1.03804171448152        1.98156677365680        5.64319689522555     
   4.75417472858813       -1.92355418819179        2.37171771804481     
  0.496010503459727        3.99866145711888        6.36904094287502     
  -1.79665142249271        1.97773617149075        11.4445446290237     
  0.383341802035644      -7.524980629679504E-002   8.40387140087409     
 -0.638608726081869       0.519446736100140       -2.56989795621949     
   6.81131311439059        4.88722084561477       -1.19631579014618     
   5.43528513731540        5.17545813448558        4.15637124591925     
   9.99044118787400        4.23738815598277       -3.46442362570809     
   5.74466443434501     
   5.01296562846390        2.87843194664063        7.35874206221762     
  0.675221687189289      -0.222647715946547        3.48062887454061     
   11.6546441765856        2.09081003865143        1.79079364848513     
   6.12104437730035       0.911546416834231       -1.12992435037226     
 -0.150110178906971        2.25458898844337        6.80697370701399     
   2.68848885937844       -2.06425681348972        3.38005466557268     
   3.14829143348399        4.90701316987726        5.00737304598894     
  -2.20815462595348        1.57128097314537        11.5307534648230     
 -0.371833324386676       0.826696792646660        8.48524050535511     
  0.791456107792321        1.23422459466460      -0.866996215045452     
   6.30674463711623        5.74473434809599      -0.701041832578399     
   5.63585729191113        8.98968661801359        6.60146857076232     
   6.27095281960017       -2.51607226259614       -2.61836850225371     
   5.33097038469400     
   7.92952118118591        4.68003031108818        5.06750587490844     
 -0.709620453668426       0.635823093685044        4.23346693109327     
   11.7869074620216       0.419164580182995        1.77959835256140     
   6.26577227012845       0.195258629146501      -0.457836465507309     
  0.563658391423001        3.05959326990641        7.30718171147197     
  0.254944141686700       -1.51428003590163        3.37987168621604     
   6.02164720296115        5.26961100593522        1.87320192946273     
  -2.50410909562359       0.426896271284655        11.5235635499036     
  0.728732718495714        1.60319837163784        8.67618129017413     
   1.47421838253110       0.974720558910046       0.629267540404717     
   6.53269925697734        5.85073488711841      -0.150534169649492     
   5.77436131803640        12.2309502327723        3.10056370943148     
 -0.988035244942492       -3.35238504932771       -2.26816801087652     
   3.51880644939947     
   9.79461431530492        5.35770166335237       0.464768125316329     
 -0.924496584265124        1.21799860653833        5.84429678954755     
   10.6844603857790       -1.79354086791906        2.76297861216514     
   6.67199598811681      -0.319016894891147       0.471477262953002     
   1.37893503490959        4.26595540814086        6.78142028210069     
  -1.99996676055696      -0.174043607708272        3.27542793725909     
   7.99753477248828        3.39450262673562       -1.42681129456855     
  -1.44714084889610      -0.984856989102245        11.1171375709645     
   3.78471497623826        1.76095898237929        8.58898103711423     
   1.41631005093118       0.696659770470910        1.84287788994619     
   7.34675930212887        5.34571122466751       0.196614263891054     
   6.10966734423965        11.3669211088235       -4.17314351824826     
   1.09167039821783       -1.93296694381406       -2.04465039802676     
   1.53135621972076     
   10.2938849641927        3.15978394467458       -3.17342991873674     
  0.416626039518784        1.79030257501795        7.44181375240276     
   7.79700724998920       -3.67548604731783        3.91152871162073     
   7.59953893606192       -1.04037927569956        1.60786733427316     
   2.67393863506638        5.59537096390748        4.71310308540924     
  -3.38844695304049        1.22726473879920        4.47860012164747     
   8.35049100983205      -0.564432240229005       -1.72713755667715     
 -6.185454571904385E-003 -0.815574343300981        10.3036572051161     
   6.91711149942495        1.21845247493098        8.04573487560797     
   1.46147717557739       0.699857690666742        2.94492003194508     
   8.43078164268577        4.08265883910362       0.323554538394785     
   6.50899346818186        7.92192955686767       -4.94765593728740     
   6.87041719236738       0.688335645762461      -0.878832421897842     
  0.748719222429885     
   10.3422028538841      -0.475934026468179       -3.19470035980279     
  0.816525613725396        3.33263098146400        8.63294241740562     
   2.63488271839668       -4.60030377445504        3.19350714196707     
   8.80364920150162       -1.26588718848151        2.85787399770690     
   4.84079414382238        6.06792151776231       0.970203334282460     
  -3.48472706061960        1.10012382177479        6.31784906003541     
   6.38924646110321       -3.96029806664468       0.896061193201988     
  0.840096907117060       0.504405338145198        10.0481124086678     
   8.04664442511660       0.299931166944110        7.70403929944634     
   2.15519569854133       0.774787183596727        4.02560371056304     
   9.23457601242786        1.92073485896741       0.518691685022099     
   6.87438582089616        5.30181438665472       -2.80223428857663     
   8.69077457019969        3.61889481794544       -1.61739970574862     
  0.754755962794336     
   10.2554453994687       -1.94484052771456      -0.618094218425596     
  0.607557607371724        4.51608773471917        8.17738265791762     
  -3.33084339322710       -2.83067098862821       9.898406470679397E-002
   9.39619837416264        1.14997732769490        3.57067122292690     
   6.93866898050878        3.79957973813784       -2.60262713087452     
  -1.86340093365632      -0.146697463493048        6.94571289101017     
   3.39158010610105       -4.88084315658267        2.98788781814424     
   2.91589947756353        2.65585493162624        10.7011114695343     
   6.43780572302617      -0.692358517449968        7.90100763335746     
   3.52853174350687       0.699171178535791        4.96558637297340     
   9.12383090688222      -0.678053757970822        1.19037779969212     
   7.38738487293243        3.88198995062663      -0.945479001691326     
   8.85904919097728        3.42415949227951       -3.64007228765799     
 -9.974611451338343E-002
   9.69742678254743       0.685991580523082        1.12611281722416     
   1.66474455477667        5.55637481755850        5.31729181659001     
  -5.89330932992633        1.67431634737613       0.318343686356136     
   9.23733645932158        5.32729083284766        3.35099825080980     
   6.61415838753582      -0.105883094791851       -2.89527489049333     
 -0.242128248720983      -0.162228813514301        7.05778226772455     
  0.996924436978236       -4.36698625807387        2.52730753013782     
   6.05958552650561        6.58254866221021        10.0925474134971     
   1.19615456336335      -0.855676321229794        7.96951886902994     
   5.16069308388806       0.378867741355708        5.57763030014223     
   7.91363838766478       -2.75371565879802        2.02624682333319     
   8.36157576426539        2.96529925165536       0.344762939154818     
   8.88219743545010       0.580849837752513       -4.40220181653837     
  -2.45658810612781     
   7.33080033217053        5.14771216586596       0.156632858571809     
   2.61866808057716        6.36711286434211        1.06794698578532     
  -5.50502409978906        2.72798991283593        5.03344363091574     
   10.0239114445736        5.65660466400112        1.72249815778096     
   5.04540160047382       -1.84734645828776       -1.12958482192688     
  0.379496675343024       0.792194513128817        7.21855273117999     
  -1.00153565042834       -3.03248120923737       0.541301977574689     
   8.15292070242157        10.3497290732488        2.07662330395489     
  -3.82631209095307      -0.430842479785678        7.76098741415022     
   6.03732967505438       7.852528706411427E-002   5.93639747327934     
   5.99570806479682       -4.05511250833069        1.98609205199397     
   9.65021977953632        2.39568823641686        1.11661365680273     
   8.61492291402146       -2.13870246956557       -1.94571944776968     
  -4.49834423673528     
   4.91676078923088        7.62750476640309      -0.847828420949442     
   3.25152890322933        6.44399382035499       -2.87373206615787     
  -3.53512905653182      -1.786267265636146E-002   7.52574270551454     
   10.9776878026575       0.150626608339494       0.727936518032933     
   4.92111455585753       -1.38400376274056       0.517537114105957     
   1.13564386092682        2.07741864576171        7.03150343037173     
  -2.31621356569370      -0.659484983593594      -0.432290786802933     
   8.11775030758657        7.81747027380081       -6.99654184425690     
  0.646563792475603       -1.54759640796710        6.83796524887768     
   7.23855217140222       0.146606826967360        6.21678976519216     
   3.61298865774101       -4.97716244690826       0.328252902833686     
   10.4420201386211        3.05711443948853        1.41716184244143     
   8.03446881673363       -2.06966064273980        1.89279853987269     
  -3.22616302710492     
   4.39166624600979        8.21997199855615      -0.599121591659724     
   3.94394974576472        5.55146415450512       -4.79869512006193     
  0.327366828982256      -0.891710680987433        6.75579562014078     
   9.57988354519030       -4.59755468981978        2.75579106312159     
   5.65853235322914      -0.643017654782112        1.64581737072150     
   2.29770019350477        3.60131355059086        6.05528853306953     
  -2.62053243816430        1.81819611161871        1.13992389271479     
   8.15527270251592        1.75410727351890       -7.86375437079172     
   4.33703921024682        4.11362391507162        7.21601806793320     
   7.06324229933091       0.581154215015709        6.27475436654942     
  0.800823839921415       -5.13163283085885       -2.72218445924978     
   9.16744726284191        5.98537816755008        1.18693673276709     
   7.44699936122577       0.178133496596642        3.56143200851041     
 -0.537196801876993     
   5.07161370376026        7.91768822850031      -7.162241317819604E-003
   4.50944457573694        4.05612411033185       -4.55041388519770     
   3.15308764833724        2.23512323135115        7.05328649361040     
   5.78404688996280       -5.69963979119258        3.95564181372197     
   7.60922154211046      -0.675918893658365        2.55209717330506     
   3.94099330009624        4.95762761767825        4.00981642677905     
  -2.36484181495092        3.07656811745563        4.41540434253351     
   6.92755725025271       -4.68780364321078       -5.20733924957947     
 -0.417658294399650        7.86157891365016        9.15353237888331     
   2.47646412917359       0.557814256601884        6.23149294965971     
  -1.37332511730396       -3.34161200127090       -4.75084067596144     
   4.43831580600385        9.74638349968892        2.15557975583632     
   6.70527657576168        2.43408982653006        3.23106590041423     
   1.44839593471302     
   6.38855352709820        6.85562104736460       0.149103661991772     
   4.88719469251161        2.63453525824579       -3.66546951187286     
   3.29324121061482        6.52811912256697        6.66176822019162     
 -0.756519498285810       -5.21341989892426        1.29010056477597     
   9.18982321442534       0.314748652020465        3.30874685786963     
   5.99874501175785        5.06419974949679       0.986624807683700     
  -1.77188728384976        3.00382336327579        6.83989890134456     
   1.80158176406806       -7.09299779338678       0.174045050520250     
  -2.53390851655938        5.54750404659780        10.3669486802460     
  -2.48651791964805        1.51569298353001        6.40046975201539     
  -2.01035235213731      -0.292416288590313       -4.15644056762340     
 -0.611961928662827        10.9417241009497        6.66375357357148     
   3.62243701399462        2.51579603053777        2.96288718615326     
   3.03187744234392     
   7.43727526528864        4.36475081067076      -5.907611184272590E-002
   5.26338057316934        1.64648102773709       -2.92034912909363     
   2.03792069088985        8.85517534363342        2.18012279632953     
  -5.05240351061445       -2.08133519128742       -2.38364187192232     
   8.65391209446346        4.78219145029587        3.34736975759846     
   6.87187273916024        3.03623613358866       -1.39030494457718     
 -0.729937846531692        2.69982659614402        7.09074873423122     
  -3.65534744311011       -4.94710838442864        1.30555813946297     
 -0.218208954752438        4.65646431697995        9.34923487137275     
  -3.73479517863535        3.27727221956526        7.00289000126417     
  -1.76711776047425        2.46420860626747       -2.95360834255420     
  -2.67885038586273        8.53304159529124        9.51585536424197     
  -1.82849838179044        2.82654768271136        4.31774336517258     
   5.12188346939686     
   5.35847804028974       0.824404001777875       0.406782380359602     
   5.61901372617356       0.952627404800706       -2.27819034619361     
  0.771211081622260        9.21109963622343       -2.33684703914528     
  -3.43516753267146       2.549121643160714E-003  -2.28937978083414     
   6.71205697833476        9.38769460766449        2.93528805449671     
   5.43617444192144       0.726452794022018       -1.55402896448036     
  2.795374202771128E-002   3.05713946900113        5.95130313494865     
  -6.07815153040400      -0.782862342792467       0.564890838840041     
   1.29625919549258        5.51626646208135        7.27279171886728     
  -3.47840474197597        4.12924823517573        8.00269626570777     
 -0.925982332761884        4.42172333026949       -2.25328533000282     
  -2.41750299570015        5.52127352203926        9.18038305432016     
  -3.72280851186542        4.38833359583562        8.13618578525759     
   7.17414892714312     
 -0.746009121019652       0.191077815151687        1.24237549270455     
   5.97418574954347       0.203836729777174       -1.49830011995607     
 -1.272375695506495E-003   9.16594288620443       -2.90561718756498     
  0.246146934692854       0.716386288780682      -0.988335481574612     
   5.32097361065012        11.6953301263299        1.86830964600031     
   3.31253200116100       4.345613898190569E-003 -0.647917272436889     
  0.553057303736707        3.78146627543994        4.17093847492947     
  -5.81885949137894        2.41071534517424        2.19147428681830     
   2.57526410386499        6.64957439643831        4.31579629308662     
  -3.42782561976002        3.68265098268276        9.34336121813574     
  0.728227978893385        5.00197947594296       -1.97712771388746     
  -1.27604522368235        3.90466144884458        8.56242275366245     
  -2.58104403313199        4.36313056974259        12.4466440850478     
   4.91998921674709     
  -1.36747103175621       0.896825826920910        2.48845758669441     
   6.09735377589674      -0.577895537389924      -0.388061475382535     
  3.783337735612648E-003   9.15623619265993      -0.344941353444054     
   2.42272391247271        1.69857036643612       0.367868409050785     
   5.35765993693247        12.0275314096237      -0.134216321661511     
   2.84950309407145       0.555866730563500       0.235348892298943     
   1.28880195487334        4.54925985398729        2.16078862831764     
  -4.80711956030060        2.80347431259578        5.22015854768903     
   4.53639332846205        6.31481697776101       0.397010023017693     
  -3.06909699906185        1.75679160850992        10.6709867015061     
   2.97621467548053        3.22988618384555       -1.96456595468061     
 -0.181008338099601        3.71388059226746        8.20143742418484     
  -1.14800386593150        3.97267044344606        13.3739766483303     
  -2.19937874257579     
   3.82254809476437        2.63987352438023        3.68356543751077     
   5.63884918637785       -1.25752562180315       0.989970962591183     
   1.16170165345784        9.19102405083163        2.31446164351888     
   2.30192467625655        2.38770077123442        1.87346001262283     
   6.65490579267267        10.4733552889017       -1.84976436243606     
   4.44806529282940        1.95433531508046       0.858386461691419     
   2.22164643741077        5.03494300362827       3.141101539000578E-002
  -3.73964159745787        1.20561785028811        7.53959568744978     
   6.48936351327486        2.33026418784780       -2.26723470035110     
  -1.49664005423101      -0.196544056667591        10.8910198375601     
   4.20109290472800      -0.787647568310766       -1.34234695057837     
  0.261588159172118        4.30900144386821        8.01296356199219     
 -0.145269689459722        4.17970947680961        11.6408845894275     
  -4.59266843403549     
   6.39234196066243        7.07617800310932        3.69959773721791     
   3.63325087300117       -1.33968622530618        2.07306111097249     
   3.53237778498794        9.38870100925572        2.48474656439126     
   1.26367111762519        3.03945499254241        4.06209152723564     
   8.45705343145596        6.51289033925312       -2.64358087772511     
   6.08169357768524        4.28999867412538       0.820798378736129     
   3.03684130441807        4.92594519111737       -1.80764674834491     
  -2.06625534358344      -0.515240136349256        7.93161479036544     
   6.10077210069773       -3.10942046726571      -0.851520551529929     
 -0.462459247153633      -0.395330667115900        10.5370562546586     
   2.52912963472536       -3.70154966262531       0.339276232014629     
  0.799609556318431        5.11468176588075        8.00307620246465     
  0.521404701529723        4.68339622791660        9.80111442314673     
  -2.29022367730835     
   6.76944450357742        9.38432285907214       0.853851974049847     
   1.95753880498655      -0.429127221332457        2.55024685487827     
   6.31022513823253        8.77395590192530      -0.252715544774594     
   1.27559445361435        4.06592563913753        7.06156129569338     
   8.22707692264779      -1.302618454046939E-002  -2.33939351575038     
   5.83375626787400        6.55352303094852       0.136177556380002     
   3.58174636984041        4.41816140697290       -2.68241773771812     
  0.182457562362895      -0.496182954122714        7.64740836838250     
   3.54499871049283       -5.30887691314103        2.10824904108104     
  0.827916341476015       0.535829047728827        10.3565716878378     
 -0.614457544923326       -3.38373156667909       0.967004769234168     
   2.31992595570268        6.50201478687304        7.61842336126090     
  0.723573645865377        5.18421845653761        8.97203912817466     
  0.277846059982077     
   6.92528678199984        7.88762322709335       -2.16190297932761     
   3.23571671865911        1.37203671784340        3.35772479397995     
   8.43789372082901        5.30183458879225       -3.28030467471957     
   2.27635736257955        6.35232767159063        8.93276211842142     
   1.99835504125963       -4.43820855085079       -1.32078367973208     
   4.55832623841927        7.64992388943540       9.137032906542385E-002
   4.09310261481002        3.85614970703389       -2.62785631664092     
   1.98321321820322        1.57032012224154        7.71058595432566     
 -5.742686789824039E-002  -4.81671219641745        2.65979739310193     
   3.32337110375301        2.76269036714159        9.53753703118321     
  -3.15823787496346      -0.446121689247833       0.832545327312641     
   3.71936984475981        8.48758102546753        5.88644741055557     
  0.172072388709553        5.64129558413691        9.43610136460008     
   2.36588471709564     
   5.82181669524092        4.41829650053151       -2.62556737948525     
   4.54785859949173        4.73669396881405        5.13278884191655     
   8.07534433623366      -0.819777216360463       -3.50939843758013     
  0.960461780907141        8.68431492807908        5.77299428836646     
  -5.57365293139327       -1.23834058977321       -2.12971895230855     
   3.10184677008849        8.60367286987042        1.25129450055904     
   4.29463179077131        3.14484795121140       -2.12241528497534     
   2.76676445315620        4.52969579905824        6.39122211283495     
  -3.91010121482828       -2.41968908120475        1.03862349851763     
   5.30229799838077        5.92864120494045        5.95601505734167     
  -4.31886152869592        2.77382825111769        2.73739851298545     
   5.36038259666854        9.55898840655726        2.10290889457564     
 -0.316014110838837        5.84740731798386        11.2255424100719     
   3.72221952805582     
   3.22742869477620        2.42901847426351       -1.55828062557167     
   4.29716023701741        8.57703447141414        6.10194048106956     
   2.58736025965321       -4.31676175875950      -0.735623682338792     
 -0.618569669973608        8.78197963783944       0.650709605132969     
  -6.61766877713506        2.47475426424030      -0.157551337145740     
   2.54254234470352        9.55385346899348        3.11356784356649     
   3.34380317277175        2.21469000832547       -1.35051532920260     
   2.86681113648279        6.64732982501713        2.32826668498056     
  -5.53095906471914       0.395551483766584       0.983820051672831     
   6.22578181641042        7.29569938370129      -0.437714270426731     
  -4.00238153450483        2.62748561106605        6.53319470334656     
   7.96893459182962        6.16268647907730       -2.48452418528150     
  0.510691461242094        6.23296730307986        12.9223288280311     
   2.49196324750782     
   3.33027839469490        2.69722512007173      -0.268537863460857     
   4.13332673897093        10.7199970727562        1.88623086914634     
  -2.55497061132849       -3.03525827798364       0.169516373205903     
  0.198520492747225        8.80652278988699       -3.01739394348249     
  -4.27926198383436        1.75247120576517        2.69235610753009     
   4.17933120974159        10.0374149802355        2.87177648956705     
   1.41120553108576        1.91900765663166      -0.262668565852674     
   3.06218735678660        7.05690397958427       -2.32684460955647     
  -4.05431387703034       0.391231875229152        2.45214227007647     
   7.36442187363543        4.20348449383045       -5.14468221968792     
  -1.37091212140368       0.468196177943193        8.34449461701954     
   8.31222194793884       -2.47462390761827       -2.76921568587853     
 -0.205904509875391        7.11032897225008        12.5385335317109     
  -1.66183069081868     
   5.96328396235259        4.65912183256734       0.481635221482451     
   4.70478975097079        9.93396209222041       -3.71263912522192     
 -9.325684386805366E-003  -2.02253662090624       0.393361012835989     
   1.28205964776305        8.51692408354742       -4.36307620688563     
 -0.164172060977452       0.931811782027816        4.16062845551584     
   7.45868787200640        8.51883556938273      -0.805789926462064     
   1.23155646068832        2.50757844971341        1.10231955797899     
   3.78107423488655        5.84754511606919       -4.82670384776671     
 -0.413454550016638      -0.149344442546257        3.05983394597230     
   7.87028416298902       -1.39944080444092       -4.88788811695552     
  8.377695683952580E-002  0.820036482127734        8.68829942094428     
   3.62508937789191       -6.93318159307555        1.59221808155092     
  0.193835758491606        6.75940469494468        10.6859027716001     
  -3.13635900325151     
   7.11665288242385        7.15529686129169       0.306070370825422     
   5.24012965964643        7.48092643379513       -4.50790205111660     
   4.98221931438983       0.450476026873887        1.20953582698254     
   2.68905459689812        7.67567422830772       -3.32189344035883     
   3.11112769956704        3.13510370095075        5.81608495620389     
   9.32697337011930        2.30899064446233       -3.54884405726189     
   2.42836489464180        3.97918543340802        2.52182188094056     
   4.49869839583667        3.41807546985240       -4.87337980633705     
   2.41814347325915        1.72655691469635        3.92148909897563     
   6.58558835392633       -5.04079451900419       -1.04035507854117     
 -0.329676833773019        1.41995305099954        8.76378159708255     
  -2.39780754473841       -5.70146746001879        1.39944901439689     
   3.70977869590993        8.24877006397818        7.08729013525131     
  -2.52496343343678     
   6.41192429748188        8.98505162775576       2.874395586859053E-003
   5.59179492760611        5.68120254137811       -2.77127663853788     
   6.86818471324353        4.20242343602466        1.28595122739235     
   3.89055074052889        6.57031380703241       -1.83951254532354     
   4.21605843862976        7.15530437584323        7.82393997645517     
   4.75742493956363       -4.28069206780035       -1.74747965766583     
   1.43283165058920        5.65506328081733        4.25013171005857     
   3.94159989528891       0.715537806459428       -3.88921518098872     
   2.56657981888635        4.71379897690441        5.01626372273650     
   3.02386580172403       -5.46886240839888        2.34189753034436     
   1.22963732479116        2.27656908009535        7.97751493751693     
  -5.53925208244887      -0.829151464074557      -0.567819533091053     
   4.43549190979062        9.98732666883883        1.33682376914549     
  -2.26535579762489     
   5.07889127807382        10.0397051808006       0.933145347798231     
   5.75214924733754        4.79623272673888       -1.01198933314187     
   7.05326918484276        6.51950047511101       0.549746067494704     
   4.45193165698756        5.93099660210969      -0.746341751215207     
   4.36076758836892        10.5910711161631        4.19989465178786     
  -3.41310755827789       -3.50098287270969       -1.04708995254317     
   1.03890738573328        6.66159471396395        5.61888125545879     
   1.32565518595358      -0.683206975734851       -2.66359625344293     
   1.33925390152865        6.68154202572945        4.62131742023572     
  -1.53002811977530       -4.25395215060278        2.13182509553580     
   3.89034218183841        3.97417942572370        5.64947371534017     
  -5.12980100288000        3.57790968605745        1.98145285642718     
   5.04621356198716        9.07670709002862       -3.72117915144713     
 -0.611254920039452     
   6.07608249960249        10.5195159769648        1.83189386992009     
   5.20233400628940        4.28253827024397       0.612009162343077     
   7.20685652309377        6.97269443145487      -0.245142410291107     
   4.87464310054916        6.02972428322976       7.571963910004595E-002
   4.65187516685819        10.5248627335917       -3.86961624603754     
  -2.26289339053076       -1.82623867289724       -1.15724162268686     
  0.718717494869581        7.44449144095740        5.09449906338278     
  -1.82646299849279       0.454049717666755       -1.56510294854197     
  0.581972662734032        7.39445516970595        2.34641685766819     
  -4.08830472954575       -2.30960508838346       0.394609380491727     
   5.32455170212512        5.56487364453473        1.66846855733065     
  -4.02043658083918        3.89583730966953        6.65856369520975     
   6.32689418383928        3.73274671971104       -5.99602482704904     
  0.863424509559322     
   6.02708708801137        11.3755962197217       0.928199289903475     
   4.69390915015143        4.77111594593640        2.48077706306045     
   7.64890550784420        5.68102871066916      -0.805959716988179     
   5.26287930548838        6.80625958676646       0.821951475459493     
   5.16256331705477        7.54603592059198       -6.08597587243565     
   4.23198677585002      -0.113836495736490      -0.229802012126313     
  0.872522151694385        7.91921866340053        2.94171971484967     
  -3.22563131943545        2.50670920582985      -3.975601153138648E-002
  0.871693037883324        7.64559407586611      -0.414678993837236     
  -3.65923124598823      -0.866397860862168      -0.148018124910337     
   5.67856114143456        5.59713844369687       -2.51286122815522     
  -2.54925485518037        1.62048780759056        9.35382612393813     
   4.23442767661929       -3.18521596959204       -4.51813110381746     
  -1.70302620678947     
   2.51810580790691        12.6694345382643        2.02179506617397     
   4.38171664910703        6.23224380425904        4.68345977119427     
   7.29518574909123        2.76475898854276      -0.815966196161459     
   5.35638713542781        8.07571522555722        1.57166013931236     
   5.32489860897876        4.40895159022821       -4.34798601099337     
   6.83170601952760        3.68371686299774      -0.221899358415268     
   1.61453028709946        8.19333744651386       0.144674446434980     
  -2.80620272696268        3.28782595055388        2.14345674918664     
   2.07755107882714        7.38844088467907       -2.39517050615441     
  -1.29258821517507      -0.258655304445268       0.288973567223122     
   6.00005964794405        3.77050607565198       -4.69550420729508     
 -4.226414421787572E-002  0.719597214299445        9.65362016098979     
 -0.129504458627278       -4.51021323888747       -1.29573675922578     
  -3.06291632725447     
 -0.274731623959771        12.8486709175411        5.96173760351418     
   2.55089313709788        7.14308435605170        6.64630118859857     
   4.31300948681952      -0.172241224537998      -2.810243511855211E-002
   5.40231508634415        9.34405643069665        2.04058454909114     
   4.68263585461121        2.29893812415220       -2.55674770876853     
   6.53657678400424        5.80687738873214       -1.65212920480730     
   2.06025127142954        8.23511178897896       -2.08084259563745     
  -1.15385474645337        3.03944266053481        4.30553398013428     
   3.81632471765005        5.78181568738162       -3.11209933723039     
   1.45832346466757       0.709137693895772        1.19116940284555     
   6.41004855804586       0.995659165932634       -4.64863288858698     
   1.21623759585630        2.58517320470415        9.11395863208571     
  -3.49391181704659       -1.38641070638348      -2.227822218071503E-003
  -2.16733362955190     
  -1.26411861300123        11.6730538807014        8.54578932324404     
 -0.446515760060756        7.32835477965503        7.43382639838118     
 -0.611379437364203      -0.495680741938245       0.590529140809684     
   6.07256733309474        10.0955669684929        1.27007629350212     
   3.74046522231661        1.49683054645625       -1.10652237531686     
   6.06647485065892        5.79071895527125       -2.95308045013608     
   2.20456749155429        8.26511586554349       -2.74885731213887     
   1.04140778837189        3.62350785755697        6.11622638551221     
   4.77418093771333        2.55508043493797       -2.81924987456133     
   2.94771651117454        2.60736395836533        2.53068887105688     
   6.24275568451413       -1.79576053688002       -3.09276523913924     
  0.482580277015748        4.30649728404048        7.33313578331636     
  -4.54833063321843        2.73195720414501        1.11304985650824     
  -1.22545127887253     
  -1.26529010374482        10.2198247809479        8.31929306707566     
  -2.35428832828205        7.70401779008516        6.73857683801894     
  -4.42045595578350        1.93430919574043        2.04109562879882     
   7.30900452510193        9.43700736324040      -0.744816460351238     
   3.99037386810843        1.96173300368554       0.220200791031970     
   6.18162622905377        4.36944415774497       -3.78437769127387     
   1.79967871030355        8.53532849998729       -1.72330025807602     
   2.65375455746629        5.83331401163598        7.24774440275572     
   2.70714787758827      -0.344804909781972       -1.82899414185947     
   2.92962168324935        4.83592912057695        3.99448799083232     
   4.41052281186291       -3.45316193938393      -0.545285417841527     
  5.500981871822323E-002   4.87575244315601        5.59779454395465     
  -3.60990221822900        5.07187285021079        3.01593538005502     
  -1.35339271874620     
  -1.37883812445898        8.90434399270104        7.25145393491062     
  -2.44581303175651        8.28617791934846        4.81611695235656     
  -5.95627832588583        3.40448725902519        6.57321664308375     
   9.03575549623622        4.72636282654790       -2.39392884326851     
   5.15121365534245        3.79268055482635        1.49677700991996     
   6.43893010439137        1.85872379118058       -4.09480020867593     
  0.346574530278762        8.92942839032068       0.897489176747382     
   3.38156719937983        8.23820752311552        5.58298122269673     
  -1.53196851372554       5.261588263800457E-002 -0.878437185863997     
   2.71963017073372        6.74389355759669        4.38299219397315     
  0.957706791919350       -3.31608244538263        1.09200239893841     
   1.27648841719364        5.47898217096139        4.22062704477124     
  -2.23789054829421        5.81083471581992        4.04631647744936     
  -2.75769712689573     
  -1.85459431249613        7.28209529403646        7.20063544061028     
  -1.01057399344555        8.98245252419205        1.55995681603728     
  -6.41582658147629       0.628499047218972        10.1592057175763     
   7.18309910448894       -3.78195783817393       -1.51659449851202     
   4.60442309627711        6.35995561962369        2.77163651026385     
   5.66790566015355      -0.912518800481848       -3.08365786713606     
  -1.78873436227758        8.39105839290904        5.33026193880143     
   3.87822272966943        8.35826721624331       0.807955903227099     
  -2.94231569257557        1.69362642856823       0.604981701898591     
   3.18744442339931        7.97360077943032        2.32451912422740     
  -1.71111928214887       -2.05588857296539        1.17734619601026     
   2.99730880373572        6.24369372126339        2.53641663414103     
  -1.13743024229616        6.05328071866145        3.39703287814938     
  -4.39825667202083     
  -2.49290845588037        4.77748039547302        8.81714740328123     
   2.12667141715140        8.47296641119514       -2.90654518378692     
  -4.06232066799581       -4.03943624613651        8.39583685733119     
   3.35601267128042       -7.59473527393653      -0.168176943795746     
   4.22303167675712        8.21983917439601        3.47754661690838     
   3.12693934700012       -2.23684979686351      -0.804268321555755     
  -2.48002584921861        6.25045304269116        10.1301275835509     
   3.93280133030690        4.95096658773402       -2.53537873868027     
  -1.33238865390275        1.87728341693344        2.47102496299904     
   4.64757041044773        7.61815727826361       -1.28202236078992     
  -1.18671918838418       -1.09008733392049        1.14103093259323     
   4.42737741750931        6.61059893448187       0.424861926402383     
 -0.217355095719431        6.27150993499923        1.46228291335481     
  -5.08545402137897     
  -2.67609546624330        1.49790859064369        10.7321712277935     
   5.59666904306630        2.91993973195052       -4.93343017027052     
   1.50773955152362       -4.06701637498334        6.87419152602367     
   1.64170051264843       -7.80541749987750      -0.663208660336547     
   4.16375536390553        9.57449385313686        1.82721562525621     
  0.726263043431132       -1.68026571314767       0.875179333710067     
  -1.32229180630638        4.35820047091726        12.5491476582130     
   1.78087439067359        1.21403564752990       -2.52470493868573     
 -0.134363204098613        2.21101771148599        4.27435844314698     
   6.38597046222457        4.48595910259133       -3.57980258088502     
   1.45530031986869      -1.862404712525743E-002   1.58078187761683     
   5.73045167043527        5.84416679815723       -1.69289821369054     
  0.638135828399024        6.55114391281181      -0.819627795622125     
  -3.97892997154433     
  -2.04090416470582      -0.918431010587394        10.6905779635834     
   4.61299277994460       -4.54861064711377       -3.41485911086836     
   2.74637628426532      -1.683211467143972E-002   7.38086999214373     
  -1.23070877109544       -6.44481641705291       -1.91994420739177     
   2.54859830730597        10.1626503943695      -0.236781097564272     
  0.845110591988991      -0.619143478213900        1.77891664774681     
  0.340680943335742        4.25942194493009        12.4721905631745     
  -1.21881801465550        1.70027185871544       -1.41277901307874     
  0.457159232413740        2.97370929696923        6.28557772587451     
   6.20944922351893      -0.641684809440528       -3.22404618573176     
   2.51408910877588        2.04455575499427        2.66948074845082     
   6.74200798127967        3.37860448467753       -3.10968745714420     
  0.933386104541813        6.85655733232174       -2.16326026874903     
  -1.32642656339415     
  -1.01206363652299       -1.48438703224522        10.0333905966020     
  0.436053978928189       -6.44302560453699       -2.04459505482556     
   1.53082290509593        2.84282601888707        6.70519119725329     
  -4.44761489204129       -2.21949687223411       -2.64767827590857     
 -0.224729664906822        10.2710341376586       0.853957078277231     
   1.61715814712114       0.564915597957800        2.47578511715807     
   2.17646438254411        5.81055575465453        10.6155601181824     
  -2.25413737672326        4.59804944341151       0.446653187987622     
   1.22328884962784        4.15975754531597        7.73109223699773     
   2.25284159071851       -3.80047020030766       -1.58458837239745     
   1.92510545892237        3.96989435854639        4.58762385495571     
   6.33489879031428      -0.391967635043183       -2.82048880478771     
  6.305015913286685E-002   7.12089422151816       -1.42281492054828     
   1.27058815197160     
 -0.267547940442912      -0.944330974190874        10.0032939567730     
  -2.50929863437160       -3.49533417183759       -2.08183570748237     
  0.531916771648020        4.18403667565845        4.87787397306036     
  -5.01774310432354        2.60953121283769       -1.42654940983873     
  -1.40059385890931        9.68979633880644        3.71107674917262     
  0.343509603790987        1.44589043861829        3.33211627811665     
   4.43564128739206        7.89800897995605        6.80444625661362     
  -2.17734828634993        6.51615705400519        3.32874923738897     
   1.79462421011977        5.43891880073932        6.83176922360461     
  -2.97645295607087       -2.18455843776614       -1.23358741251183     
   1.59046819857183        5.58323826030585        6.40242317511508     
   2.92957568971912       -2.95703227082621      -0.774027070241674     
 -0.634047101448322        7.23193882888228        1.15507757763274     
   2.15951206504710     
  0.138564658673574      -4.489155992517532E-002   10.0305312522790     
  -2.17472726064873       0.649840883366730       -1.41118671475612     
  0.294891505775700        4.82511225825778        3.19739964164334     
  -3.88019465710401        5.08566407932894       0.875805855018088     
 -0.614316469271829        9.12480693791332        4.46909738135396     
  -1.94097654575402        2.16608807031019        5.06650336677693     
   7.34453834982202        7.70841576630569       0.886019709912744     
  -1.67282818967294        6.59649494775597        6.37096888247440     
   2.04122101750132        5.83613962321246        3.61669685924228     
  -4.96613835592291        1.38259995313374      -0.367662961701868     
   1.67739715912486        7.00720341513327        5.85149337318948     
  -2.04956513348375       -2.09648689134943       0.364912100920810     
  0.231182659891171        7.34285502584678        3.31581089894068     
   1.14845359632590     
  0.881481308297578        1.26489853816755        9.86687127972493     
  0.101029227376934        2.53637179824784      -0.166487524762211     
  0.871774131070088        5.38295751606467        1.93108187926491     
  -2.56851483741310        5.61294903175256        3.40039242333649     
   1.03176252414676        9.07568160817528        2.38675282972893     
  -3.25621362032955        2.02715176469227        7.83104707017705     
   9.03086515373131        1.26610332716366       -2.88018695939366     
  -1.01069187980454        5.80133557102747        8.60695140249444     
   2.19873369488923        4.98302240666626       0.527239544091821     
  -4.28785800665429        2.66347869723935        2.00942270629175     
   2.75702179738882        7.82411031270362        2.05808312874112     
  -4.36101633099011       9.182454526839746E-002  0.867618269746580     
   1.51803870159702        7.74486420953342        3.43594280958797     
 -0.493465761755682     
   1.65949041636255        3.35188836315686        9.69163951729581     
   1.20700982298547        2.38990247542157       0.812265363667209     
   1.75179865737082        5.83940774295238       0.836737500234691     
  -1.47879043862424        5.32526441408392        6.09119597495815     
   3.25280786843552        8.09964477498585       -1.31435384131207     
  -2.45198593578459       0.318210862424145        9.25413881724755     
   5.65230919512769       -5.68629904385088       0.418735737842189     
  -1.13696989018055        4.80261877022509        10.3111475205843     
   1.84960145692120        3.41764270408227      -0.967792435320022     
  -2.97052825407557        2.05191323658176        4.37943259127057     
   4.88858916672737        6.48671717673289       -2.67294261738290     
  -2.85739499228464       0.347663662264922        1.86861919075879     
   3.22293629603309        8.08961613429092        1.43741067884314     
  -1.22714722463457     
   2.02144517762704        5.69718993724060        9.10952515741604     
 -6.202241455503288E-002   2.44144476157138        1.94333738294276     
   2.90304933854608        5.88731670371112      -0.240108313410582     
 -0.499827281391360        5.03131013013169        8.87176020657057     
   4.55642939859480        4.10358058302636       -3.52841400971155     
  0.236269979580065      -5.951939895616704E-002   9.20444552548987     
  0.420661877904538       -6.40681097916167        2.82989725600439     
   2.11515336565793        5.38697969935949        10.6142320948509     
  0.460439186183173        2.53427938057571       -1.00444942377027     
  -1.70963868518409        1.32122010029992        6.09795344253728     
   6.51368098780551        1.47797911561451       -4.52681808702047     
 -0.311820848079346       0.369230223559764        2.68920805612484     
   5.40575401977989        7.11155374025970       -1.66086357379512     
 -0.212974022624133     
   3.36548283135486        7.77545525098789        6.65613504634144     
  -2.11593865242221        3.55935594026474        3.97206068325378     
   4.14300973663278        4.92619726588371       -1.23352412961402     
  0.420860387964046        5.41070358544100        10.6011425053437     
   1.73927440012173       0.157760733023467       -2.88787319080610     
   1.38727854987862        1.98648311876457        8.83903604127730     
  -4.06132130309106       -3.52314179061814       0.714387495945245     
   4.96080695008961        8.40255333922776        7.34500837943851     
  -2.04518964449780        3.82701298214315      -0.106259066771267     
 -0.592805526296821        1.26780412856376        7.21336377943585     
   4.99898007430297       -3.82260894554813       -2.47127116317856     
 -0.103968498478378        1.15437510960753        3.77012073762741     
   7.15949423166581        3.57380774213140       -3.64740617017696     
   1.39379562995225     
   5.46998049364560        8.94282844634050        1.04226619077119     
  -2.81794739107130        3.65099180629778        7.03117942307632     
   4.50053024755574        2.33130249898213       -1.58708305518430     
  0.908092745580744        6.56747504434436        9.55486170758886     
  -2.91489161462399        1.82696376061451       -1.57490102018648     
   1.56260722687771        4.07166485166789        6.83366577955412     
  -5.92650255019136        1.53469479540930       0.650609988783970     
   5.59629236782200        10.2397283668746       0.109067501239249     
  -2.78951064923568        5.03583415553368        1.88475526693892     
  6.146897358279085E-002   1.86864111853766        7.82256538688658     
  0.771584386186467       -5.10141192928543      -2.256835011966560E-002
  0.162576427008506        1.85845945908637        5.32549574454959     
   7.03182774134583       -1.54986024849241       -2.98035767448463     
  0.964736139122988     
   6.29837490777184        7.46696752060154       -4.57374634107804     
 -0.619040875642042        2.41318659657353        8.90945918486630     
   3.20959670689175      -0.592915078648855      -0.829508322807080     
  0.926158648271974        7.60496366889640        6.19712530875923     
  -4.35278256281007        5.47554550886394        1.60248202081517     
   2.19426897707672        5.45911895319018        3.51457207639494     
  -5.43335663898433        3.69404378496792        4.95281368604017     
   7.17778935066891        6.40761045229907       -5.89541492944963     
 -0.525589363986135        4.55454169848179        3.43495858149611     
  0.259830685906430        2.62386967989259        7.57545346463239     
  -3.18669301464529       -2.76363508043384       0.123120653008187     
   1.11572344121422        2.91628827882679        6.75502385775219     
   3.79278168949197       -4.72327753577285      -0.206893399254841     
  0.376435253810817     
   6.97774743366689        3.28200206257347       -6.41438487224128     
   1.59041244679072        4.18247999622286        9.12889852189397     
  5.425480516529479E-002  -1.30091482480258       0.162019215786278     
   1.45557212752287        8.20964774792173        2.47037184663649     
  -3.85952047041154        6.00054864484839        6.10473909389449     
   2.62766403605939        5.25958242335232       0.131590508172263     
  -4.43875577125487        1.68634274267057        8.75117262499747     
   6.39434566445401       -2.70151265437799       -5.81350515342249     
  -1.32015159658078        4.53751686441874        4.32655411900600     
  0.499042242773858        3.34042401150020        6.41365799383454     
  -4.61521272779215        1.03800691261089       0.590646716440682     
   1.94432236146396        4.47788840218293        6.78781018610669     
  -1.29087327758229       -4.20252341909625       0.790503383916453     
   1.81217239270584     
   7.16693546540294       -1.97343121730434       -5.19456717217180     
 -0.383152982148804        5.90032175749008        7.64622709686427     
  -3.62800051416230        1.09921614263506       0.995960705587007     
   2.58394148837798        8.26078353329006       -1.15572025700203     
  -2.75909018003232        3.99355190830689        9.33141309755183     
   2.70841382125330        3.34575435543322       -1.68884790101714     
  -2.75825600471597       -1.07791644404114        9.04991491660804     
   1.80211364870409       -6.67106096983995       -1.01861906777328     
  -3.24820307647913        2.87790957552790        5.95872721794809     
   1.28614326132944        3.89783856371552        4.85437760236974     
  -3.97995072027097        3.46536345828501        3.00488360414590     
   3.04078945864854        5.79247108635969        4.08172481554729     
  -4.67563807856286       -1.35927945951148       0.129960065948140     
   2.91009013923139     
   6.00609021032750       -5.06889873141697      -0.787615422179885     
  -2.19189388727239        4.73605876322630        6.41397806682166     
  -4.31396616306693        3.75369683249363        3.67206043710349     
   4.15421647768829        6.71674772716782       -3.87547587796657     
 -0.457966078347002        2.51058408175129        10.5739704822573     
   2.38667271627138       0.916245044225787       -1.59595185279129     
  -1.00032462889052       -1.96863241787506        8.78042874444116     
  -1.28214039513509       -5.26821582474541        1.53013609263379     
  -1.67133207176745        1.93508149369985        7.27735585414401     
   3.08234579378989        3.79345777613535        3.17296262380550     
  -2.80609667912272        3.84400912150969        6.14894663986149     
   4.40691064449159        5.06621025605634      -9.100768918803670E-002
  -4.54968449304795       0.366181697109647       0.773878013819493     
   3.70540360762863     
   3.63131559982253       -5.05942502119495        3.20524246232575     
  0.241430073721554        4.50301421402344        5.59160647726969     
  -3.17701535233347        4.42758035932563        7.59255005968333     
   4.71683095352613        2.43916126350120       -4.53332412596168     
   1.12072744682895        3.94315735506496        10.6349364374936     
  0.150153225586019       4.053678284837660E-002 -0.651311190322699     
  0.172599330805145       -1.27749288591799        9.03964497191433     
  -2.19876998881868       -2.62152884760690        1.82030176619405     
  0.332281181373945        2.26531302017753        8.30497004400137     
   4.47223031392536        2.26615308208514        1.90423502357960     
  -1.58914426345421        3.30298399605544        8.78436094256068     
   4.62435961287718        1.41253794182645       -1.97817959310420     
  -2.92377577206916       0.270859062991680        1.84018418590200     
   4.76201464029242     
  0.750445198624879       -4.01972957707285        3.73291767620319     
   4.41026611035652        5.06646705265981        3.59035992353918     
  -2.28682702062671        3.77712594110780        10.1780648553784     
   1.67059589221602       -1.21808872456988       -3.37048784293231     
  0.154892195665063        5.45852266034888        9.43010080762133     
  -2.77207976511483        2.25976951751769       0.527089518032942     
   1.02198106487881       0.244897019080614        9.17162561804540     
  -1.77583312680894      -0.104313220508166        2.13111279200062     
   1.92239030698945        3.67144834317245        9.17718415342665     
   3.40229262072228       0.137418964953727        1.98718745954644     
 -0.225531186053189        3.18022575963882        10.1177778916709     
   1.80657930397837       -1.49175922167076      -0.833509001545012     
  -1.84355084702123       0.255114689996888        2.68121369345583     
   5.57039442606660     
  -1.93796734673001       -2.57867160115517        2.16480633076599     
   7.26058651232982        4.80234346124740       0.288090400652923     
  -1.52631106564509        2.72227102939884        10.5989536859809     
  -1.77796845937366       0.133326692773881       -2.15860964336451     
 -0.681113208447273        5.40979241796751        7.91849773178026     
  -3.11917743413031        5.00109385134482        2.93617010443672     
   1.34866814050865        1.95687700857494        8.87626665367945     
  -1.00404063464152        1.61824512001028        3.12505898496569     
   3.55799885144783        5.84812419969052        8.56811669016210     
 -0.349802861164959      -0.101647713974633        2.66543719205969     
   1.50708527885971        4.17700194218222        9.66621285949945     
  -2.10658899709403      -0.294217068739703       0.276937730935877     
 -0.850288127870202       0.660145295048925        3.56814445774872     
   5.54857460410557     
  -3.60898944979350      -0.515281874083241        1.26536130729683     
   8.28271951267841        3.13916845432619       -2.31106743412656     
 -0.361252182789771        2.29403293777099        10.2333502466139     
  -1.40921125650202        3.13707801046568      -0.875972453509201     
 -0.307391236732235        5.26070753681576        7.06934892069389     
  -1.68437662868579        6.15347384961678        5.44382283003353     
  0.808999340403221        3.10997378004908        8.44908470968048     
 -0.396801997962691        2.63792521483932        4.80028162327891     
   5.79002757222983        7.26030862505289        4.19605204171816     
  -3.34829172243358        1.36764969378991        3.62051242298243     
   3.50029879044833        5.84566661518190        6.77291506745339     
  -4.03186163134371        2.91058928518652        1.55732924740829     
  3.196315103018628E-002   1.33707395486786        4.58128662444116     
   4.34919047270250     
  -3.88494174853374       0.955197686658141        2.41980989677429     
   8.52998028139116       0.156661027380639       -2.61306794872114     
  0.296442564408426        3.00816495870898        10.0328682218338     
  0.731070501262232        4.02544692235028       0.206303239955096     
  0.530926636158206        5.68152603385335        6.76631613544095     
 -6.113645756740328E-002   6.50258954754444        6.49611581433029     
 -9.231556981269742E-002   3.75408360424569        8.34864047405686     
  0.116294818624876        3.28364465269350        7.22673761302911     
   7.83000562897990        4.07302004836646       -1.35519595441639     
  -2.81443954089223        1.08292582663007        5.20206420310701     
   6.04592045488241        5.96775292200063        1.81741518321086     
  -3.81597732934801        4.14531218718423        3.82143740907371     
  0.352088352318577        2.11847241913753        5.48530429883166     
   2.08708113140268     
  -2.98183419139223       0.875818652495496        4.19276580009083     
   7.72185594810342       -2.93944789599821      -0.393420377070597     
  0.407800181703137        3.93114617252841        10.2964856111041     
   1.71641200209682        3.23997687701861       0.906474320569942     
   1.47622332740068        6.57854202692462        6.74657566727664     
   1.13268128035179        6.71489368337163        6.04582900660979     
 -0.831020924170722        4.14796472646899        8.74185920011561     
  0.629378508402415        3.83767938762892        9.68214513386386     
   5.40542690305703       -2.44478933056169       -1.11121989670952     
  -1.67329469276299       0.310400693488758        6.12067430160544     
   8.29064511101354        1.92513578887814       -1.75607963336894     
  -2.66164216669931        3.07287229922418        5.61391741947950     
  0.647095900122948        2.81025434628403        5.87280979924531     
 -0.533298165224898     
  -1.06577441416543       0.440174520612991        5.17128482947283     
   5.87392421865238       -4.16834891228015        2.50498494702207     
   2.20152297642307        5.34364799256834        10.2545612980781     
  0.701930417360026        2.60240444541110        1.85774476694979     
   2.76810264063480        7.85655287678194        6.50976978240998     
   1.59792263985318        6.75396505530583        4.72442981054320     
  -1.19973650429720        4.23068471579869        9.57782258823804     
   1.35432621061978        4.41352526527578        9.95637802751697     
  -1.59050395722455       -3.28030414412606       0.835281460735331     
 -0.605745457747163       0.417243185436669        6.65516370660880     
   7.57467025587181       -3.36854458545741       0.161817002824811     
  -1.88191108780116        2.01964184112474        6.74189627235616     
   1.82871642310836        3.32469675200860        5.34004003867447     
  -2.43064556150278     
  0.925756707022335        1.27259857112849        5.83958415155308     
   3.62185024951616       -3.97521203793882        3.40317052361682     
   6.10864269909220        7.86393500025626        7.14825753390081     
  -1.64867162365200        3.40797851893929        3.73222943180871     
   4.80051422379903        9.03841264355193        4.91089129805824     
   1.31131850690436        6.70431665188649        3.39086107845764     
  -1.22131579763927        3.96454754222483        10.7540900235920     
   2.51755200778023        4.56003132264354        7.25259031262889     
  -5.58018761646773       0.815118485248938        1.27133755832363     
  0.494712266179286        1.22844630797992        7.29571275889524     
   4.18846081766603       -4.99840375513538        3.86461991913788     
  0.571325485799095        2.22301863591211        7.62424400434086     
   3.42810421592131        3.19394556803125        3.96088939066348     
  -2.85405537254404     
   1.97151795872931        3.27036826409088        6.21538599321495     
  0.675711737794092       -3.38439247904810        1.88235956705315     
   9.61790154895666        8.14940251283855      -0.958798756293480     
  -2.11026094903507        3.44933417629100        7.16554031458474     
   7.75318975733928        7.52294910850750        1.21491037299687     
   1.41839351586062        6.89067913021264        2.36392472269768     
  -1.06882882330829        3.50604015813303        12.0893177512953     
   3.44172950687183        3.22263858456970        4.09959589208013     
  -5.15643839702579        3.35269980279236        3.48061388714186     
   1.15600972982262        2.39295792010841        7.61467017059111     
 -5.098537035688258E-002  -4.28285926171598        4.16362435050948     
   4.52586627488301        3.74852837895554        8.04709999257738     
   3.79536800365523        2.07603480349624        2.82137943249749     
  -2.10472697890869     
   2.42321359189677        5.35212232728429        5.09943447017915     
  -2.41885582736293       -1.71098979306634      -0.203390348971400     
   10.2715527250092        3.33786207808880       -6.41263453291902     
 -1.048198456999830E-002   2.87206098821599        10.1055511759201     
   8.68796169971866       0.165890086468615      -0.769321045693211     
   1.94845004956155        7.42757754628919        1.17187420102351     
 -0.756034484109058        3.07070975938302        13.0710909150259     
   2.49314888375116        1.00421374119399        3.06127110789149     
  -3.37405243485758        3.37400522783763        5.88092612054541     
   1.67045482933446        3.34688373589666        6.78285172040672     
  -3.55294387187766       -2.20292617604955        2.13041588738613     
   7.50105649302067        6.82141600050083        6.40102939078862     
   1.76065340040698        1.36718183172239        2.71848667717169     
 -0.888995923223036     
   2.98078319087071        6.67562166447603        1.99325895884876     
  -3.65827288154617       0.510683382739844       3.663467784708684E-002
   10.1032393989375       -1.96582188142240       -5.43244168331007     
 -0.729105456474062        3.28361374656604        11.7742568156928     
   1.89368769711470       -5.05447108632161       0.912945876098459     
   2.85091389709059        7.64666208587956      -2.845382477022204E-002
 -7.411432901090856E-002   3.10392178347105        13.1760617812168     
  1.784004962074752E-002  0.553158333221722        3.41752800259892     
  -1.38606516005130        3.12705350524712        7.55005890463745     
   2.61491246530536        3.66343171339805        4.76664285214485     
  -4.80298804089285       0.549352134409290        1.92959791117743     
   9.11664303984613        8.56989520507533       0.676947615271617     
  0.179829147544696        1.95801484729038        3.18725868745694     
  0.347223459027596     
   3.84078914539313        6.59380274238245       -1.62916958270498     
  -2.52758903751422        1.07982871606446        2.06936870081673     
   9.48646245801405       -4.69308449478497      -0.116004462832490     
  -1.51506863001639        1.93698306578565        11.4168125996077     
  -4.67699260256421       -1.49934219803880      -0.144603984887695     
   3.95404875953382        7.37726892724762       -1.37628503263812     
   1.04894671176289        4.27415165788632        12.2304374963189     
  -1.91118536998341        2.24681775043864        4.06767073230258     
  0.285019085149192        3.48407850003666        8.77836292416597     
   3.28474198728351        2.84042789918953        2.73430021556840     
  -4.23818825774265        1.63965265470570        4.39192938039490     
   10.5399463084507        3.51230553640144       -4.23248377194401     
   1.66627689188837        3.18928983324123        3.74523724441080     
   1.47564599076383     
   4.63919691435456        4.85086707592704       -3.75709527364614     
 -0.146462275823554        1.16094561165148        3.73063702021698     
   7.90705816378452       -3.74453958967095        4.66166356761722     
  0.997021823272093        2.13236077896108        10.4519968528743     
  -3.64045707286601        4.11325137570530        2.07624223199010     
   4.62344673733387        6.54387793502531       -2.15303208126286     
   2.06807045471055        6.69807385621664        9.74263382318616     
  -3.05362248025453        4.37613289915635        5.66326932712010     
   1.34265663194314        4.37337865185274        9.54988593427871     
   2.23764466602202        1.48507230775189        1.97471516874032     
  -3.12470556374040        1.14962275193096        6.74816079054244     
   8.87956587172181       -5.10221467209457       -2.13444472998416     
  0.687704037214644        4.78591556101999        4.47538434087458     
   2.25565264749787     
   4.66896201977473        2.32202078168849       -3.91792247466626     
   1.40196629968200        2.55628193531191        5.24075692262749     
   6.11456733901930       -1.74617204550788        6.21950886495683     
   4.79611833294944        3.82793284102566        8.96112184810074     
 -0.346107295199422        5.73259870348979        6.07349887661608     
   4.92681833226806        3.69740510283791       -2.45336603134920     
   2.11032409883825        9.00276468767448        5.27001921540583     
  -4.06765514535202        4.96416444191362        8.44421799979209     
   2.03389760489507        5.19420465506124        9.15623459521392     
 -0.279900409907705        1.48666176200639        2.19558603445904     
  -2.06589638993741       0.613380620653330        7.69355588353371     
   3.33300214773669       -7.98051550252780        2.31925552916250     
   2.15068225426665        5.57819843184036        5.65798558361333     
   2.68161546687572     
   4.03928624539671       0.433277743554792       -3.04310097492116     
   1.38125001180129        4.52133167074372        6.74620443308893     
   3.72045533006701      -0.553629720798609        6.36154953233329     
   8.61915846256733        5.12985156258540        6.28715494682189     
   1.50756690486251        6.08774986905211        8.16244343014562     
   2.50558288720451       0.629899979672563       -1.82775961636472     
   1.19014536324847        9.81691242125256       0.258820259432482     
  -4.10550278450624        2.41097600349821        11.0916717699186     
   4.00840622321475        5.03894041372847        7.10700818487957     
  -1.86292317631931        2.85936759711116        2.78144005376627     
  -1.39496880818745       0.548601608018984        7.93024421782521     
  -2.12694251033688       -6.51351924554810       0.515688130331187     
   5.28172776523302        7.33392303413465        5.06067779839828     
   2.24420254307277     
   3.87113802214882      -0.288279313322133       -1.88996045715337     
  0.874611244007992        5.97407310676598        7.43129298295939     
  0.452602804488141       0.207675618422802        6.51709718164381     
   11.6063183497940        3.58580758721210        2.97202249221745     
   2.95166231938641        7.10661793120422        7.10791193442668     
  -1.43599121900311       0.956362180953103      -0.766360159531668     
  0.777069840405897        9.73975264703463       -2.56100177268287     
  -1.52557592402987      -0.614768406724589        11.4118626063604     
   7.94272626355896        2.00974466934304        4.57280012985158     
  -1.11263598957451        3.86883202038965        3.49707701586904     
  -1.25189134458176       0.771356831451736        7.87037200486706     
  -4.79506882295432       -1.66177341316145       -2.22749912725118     
   4.19855976776168        9.91917759697419        2.67942243965061     
   1.15826830930611     
   4.18361834652642      -0.253657193566800      -0.758376966459068     
  0.813900862817658        6.88988995046639        6.33853867610677     
  -2.64055315262434        1.00121985561944        7.57688902707526     
   11.7503395649827       -1.14058829461071        2.46909016483383     
   4.96395852537094        8.19310882106172        2.44386751084536     
  -3.21453729353212        2.87923144783610       0.906186713380734     
   1.52605503185345        9.40456446510783       -2.14051222949906     
   1.90655951900651       0.687657955465710        10.8816789805478     
   7.97075866991281       -2.53669853172016        5.22637728086089     
   1.87879935974613        4.31605835605719        3.41450183062442     
  -1.37048937441774        1.02893678295042        7.71741684604103     
  -3.36140924859929        3.28123829059785      -0.458269748214404     
   3.13421335797531        10.9295310118628       0.748819317304114     
  0.895297100430569     
   4.64965141325821       8.439428749954091E-003  0.208027786864285     
   1.41961204740194        7.59820728186856        3.27700752062049     
  -4.47893813721132       0.491305144818131        8.94167293768859     
   8.07164596902693       -5.03175763561352        3.92998988259038     
   8.73546437369902        5.46273158974431       -3.49551179230290     
  -1.89112496096030        2.84062607417838        3.14520445011032     
   3.40452239659471        8.57622644342031      -0.688335588906835     
   3.46242043798482        4.82817476700835        11.0145841411072     
   1.42125388653017       -4.01116853630098        5.71484438198549     
   6.78940462606134        3.38290508866461        1.79935850381006     
  -1.15065496360228        1.15751709752705        7.81238448199793     
  0.218868131553700        4.92282377721477        2.57880362644388     
   4.32214807482028        10.2874274306734      -0.897536562066309     
   1.69941178575915     
