   1.952067       2.554841    
   1.747655       2.446016    
   1.608979       2.336706    
   1.542756       2.231580    
   1.580185       2.148475    
  0.8943654       1.738382    
  0.8550091       1.971475    
  0.8693654       2.202502    
  0.9298233       2.395492    
  0.4803163       1.027914    
  0.4372735       1.161547    
  0.4260543       1.334323    
  0.4530441       1.529032    
  0.2406240      0.5050286    
  0.2245938      0.5590937    
  0.2191699      0.5978873    
  0.2248026      0.6234711    
  0.1298935      0.2415945    
  0.1257610      0.2662274    
  0.1230609      0.2912928    
  0.1201198      0.3111446    
  5.8347534E-02  0.1173224    
  5.2983277E-02  0.1164822    
  5.0202169E-02  0.1182718    
  4.9457897E-02  0.1216563    
  2.4422562E-02  5.0368316E-02
  2.2467766E-02  5.2787930E-02
  2.1345653E-02  5.6667931E-02
  2.0959599E-02  6.1969757E-02
  7.8702448E-03  2.1422992E-02
  7.0302817E-03  2.2969216E-02
  6.7315055E-03  2.5976986E-02
  6.8337191E-03  3.0444251E-02
  3.4154800E-03  7.1354802E-03
  3.0693340E-03  7.5360853E-03
  2.9308656E-03  8.0789905E-03
  3.1121366E-03  8.7707490E-03
  1.5025125E-03  3.4513904E-03
  1.5104824E-03  3.7724671E-03
  1.5362334E-03  4.1565010E-03
  1.5725048E-03  4.8296256E-03
  8.0458814E-04  1.6763040E-03
  7.5381057E-04  1.9163971E-03
  7.6922303E-04  2.3329356E-03
  8.5446535E-04  2.9463405E-03
  4.4313853E-04  9.9529012E-04
  4.1597930E-04  1.1812594E-03
  3.9943869E-04  1.3971331E-03
  3.9139207E-04  1.5952914E-03
  2.3871720E-04  3.8922325E-04
  2.4259892E-04  4.0079007E-04
  2.5962578E-04  4.4453473E-04
  2.9330523E-04  5.3646613E-04
  3.0304160E-04  3.5202914E-04
  2.7840029E-04  4.4250011E-04
  2.7651945E-04  5.6634605E-04
  3.0114190E-04  7.1993668E-04
  2.9814502E-04  3.4965837E-04
  2.7699128E-04  4.1504475E-04
  2.7599331E-04  4.8883545E-04
  2.9159282E-04  5.6233740E-04
  3.8534685E-04  3.1519026E-04
  3.5953097E-04  3.4052899E-04
  3.4666678E-04  3.6818380E-04
  3.4873618E-04  4.0396221E-04
  3.4381190E-04  3.6846387E-04
  3.3329960E-04  4.0510762E-04
  3.4046170E-04  4.5264370E-04
  3.5918423E-04  4.9921969E-04
  1.4608064E-04  3.7540557E-04
  1.3828735E-04  3.7683503E-04
  1.3349965E-04  3.6368635E-04
  1.3461981E-04  3.5164968E-04
  8.6075837E-05  1.4252354E-04
  7.9059748E-05  1.5458408E-04
  7.7094352E-05  1.6637170E-04
  8.1407692E-05  1.7301751E-04
  6.5971537E-05  9.0668938E-05
  6.4931111E-05  1.0086608E-04
  6.4582106E-05  1.0819802E-04
  6.6369466E-05  1.1093897E-04
  5.0527171E-05  7.1146715E-05
  5.4723554E-05  7.9380960E-05
  6.2534244E-05  9.1159651E-05
  7.4181065E-05  1.0659381E-04
  6.8632733E-05  8.9556481E-05
  6.0910537E-05  1.0592664E-04
  5.9272690E-05  1.1948168E-04
  6.3203530E-05  1.2928325E-04
  6.3538580E-05  7.1486800E-05
  6.4917338E-05  8.5788379E-05
  7.0109461E-05  1.0916194E-04
  8.0056379E-05  1.4313895E-04
  2.9431843E-05  9.5200143E-05
  2.8167960E-05  1.1609481E-04
  2.8907583E-05  1.4212009E-04
  3.1290805E-05  1.6943607E-04
  2.6560074E-05  3.4876182E-05
  2.6434021E-05  3.9322789E-05
  2.8089669E-05  4.4565215E-05
  3.0851370E-05  5.0764833E-05
