    7.688827919938330
    5.256788632091925
   0.3191589140259661
    5.227528591050282
    7.239501936148597
    3.132167988828134
    2.632480639419208
  -0.3171673431849733
    1.836074253895859
    4.945055923028270
    5.979872618572774
  -0.7412518207009040
    3.480042858391343
    7.629800675781340
    3.683635272364814
   -2.522071353216461
  -0.9782726591395614
   0.4055528502257150
    3.607771277029681
    7.027264347143532
   -2.896858225894625
    3.272990421713534
    1.957147332465541
    3.340498042164591
    6.380623780473872
  -0.4553483233153199
    3.870958949499029
    8.155189022454275
    2.646596312166603
   -3.614319596808490
   -1.955302524656583
  -0.4249834259542171
    8.092635916049931
    7.474492568435488
   -3.695415157451880
   0.7503511956884122
   -1.709774322084654
   0.6012708106449751
    3.160218114146715
    4.794695157780309
