   5.85976936535219       -1.02735251112681       0.207074821065079     
   5.13347475466844        7.85013435669367      -0.294447143276805     
   1.47209352150000       0.454231799932167        2.20337299795764     
   6.08856821946343        3.51782398006872       -1.37567549229654     
   3.13837839192375        7.77265168413680       -2.71831020882580     
  -1.68448120718907      -0.132645573547652       0.616941659854514     
   3.95127743097405        5.44750993734507       -1.48736453864614     
   4.39159051427504        5.57603413184834        4.03052901444848     
   4.23074520642017       0.375212087203363        3.96313391890683     
   6.89399857754615       -4.30040566765533      -0.797138205514830     
 -0.790018468914874       -1.51174300251754        6.36937123829981     
   2.92436688889150       -6.08608913849820        4.46323426438484     
   1.36200818462488       0.862533166228630        3.82663285496638     
   7.78873683304702     
   3.64626567659427       -2.37194087742670       0.579023244262824     
   5.51799592259576        7.59972408994458       -1.18261118063200     
   2.09300411545244        1.15046580757445        2.70923505772507     
   6.50022514729264        2.61062117682502       -1.34476396799204     
   3.11819257198888        7.54629128931755       -3.62860857255498     
  4.851873270294182E-002  0.158634556456904        1.02202402992621     
   4.40934748913725        5.21438406324179      -0.895239518104057     
   4.56700870280831        6.89230823968321        4.05565997505025     
   3.33771317493891       0.803466563617954        4.28449655719083     
   5.94192898194973       -4.86978411699891        1.26211515745971     
 -0.262798001080023       -1.16653386418054        6.30255943633516     
   1.84336166416460       -5.54405754710628        4.69917186829307     
   3.29119476568835        1.19863755609612        4.37488159356736     
   8.59930924832898     
  0.793529673832338       -2.70425003057719       0.532641945851637     
   5.97827694523418        7.06600085098054       -1.86168705339523     
   2.85881341556593        2.08797811910703        3.33699739396639     
   6.68773983870427        1.53385819737407       -1.19664599575231     
   3.07288460627533        7.24160535333425       -3.79640469778447     
   1.76033823233925       0.821891153232437        1.49116081224468     
   4.91464582313000        4.96761335040271      -0.417949937289340     
   4.71078536362566        8.02006837535449        3.64177463833130     
   2.39372284430947        1.28029592031016        4.64188904060138     
   4.80250295385775       -4.81118761860939        2.88523694904730     
  0.603573220600049      -0.646071579173011        6.37683644426585     
  0.855067781023268       -4.95262905141151        4.18621636249906     
   5.02436575942487        1.61844374410394        4.90851642399834     
   8.80243872643469     
  -1.94844894013785       -1.88312979939532       0.168391763555036     
   6.28546400414752        6.42388074672578       -2.29384765436396     
   3.57010181368358        3.34118569685661        4.05422210402746     
   6.47900304821463       0.366864741997488      -0.865033308039977     
   3.04980997393514        6.94341495093605       -3.37010749489959     
   3.13383362317610        1.87426177636912        2.02678054178970     
   5.41044188433648        4.66493090419065      -4.654307370472233E-002
   4.88194947274816        8.87309664814392        2.73756615197250     
   1.62644169100859        1.80805470943009        5.01876368215913     
   3.55166559514670       -4.42502056322258        3.86997200625730     
   1.73478723586092      -9.701696854710534E-003   6.51211508639748     
 -0.101124287401515       -4.31716648706198        3.20866948825809     
   6.41630759300856        2.38826111604853        5.36982586646866     
   8.15216306613846     
  -3.82668214412658      -0.292547983664932       0.104181207538119     
   6.44760864167988        5.77428044099993       -2.49571234174922     
   4.06774244444521        4.89827639835518        4.74447626839020     
   5.66908067484500      -0.715869481743265      -0.358695629004658     
   3.12964405716984        6.68769756189365       -2.58283202257326     
   4.05241781064530        3.16214518929000        2.60760567430867     
   5.80331395221550        4.27088417339113       0.257309383992952     
   5.10898679570009        9.36400884825435        1.43896926921775     
   1.25936922145661        2.36753530643565        5.36231400728550     
   2.22906687361496       -3.92508471875841        4.23242100354014     
   2.99411846245611       0.711538267475156        6.57733717588001     
  -1.03037796943008       -3.55307991094331        2.04715304704703     
   7.42966454642523        3.69797015003140        5.60213202967227     
   6.57836338203064     
   1.97652793830588      -0.290666154199189        2.48619679883711     
   8.07609566842545        4.91869499599117       -1.39936405170829     
   3.58861168908387        4.22761390333115        4.51701102706104     
   5.82948694031722       2.565399935150289E-002  5.316160492616014E-002
   4.29722361269599        5.11581083049267       -3.51358798907200     
   4.31311418843059        2.62373371990437        2.27887433873688     
   6.46055069156582        7.07751309494946        2.76544814922169     
   7.11264580841011        9.21693246376601       0.434098580121219     
   2.05219311003760        1.60001857630635        3.63153940560119     
   4.30487442905221       -2.85908229439500        3.61200834267019     
   1.07664345803047      -8.022103958866988E-002   6.31728872218877     
  0.531810418448046       -2.82921139022153        2.04925584385970     
   7.83901337853594        5.91049059998044        4.63043180840451     
   5.03035940357571     
   1.32841406479895       1.211292731532809E-003   2.75404961919861     
   8.67039135052883        3.37120839251011       -1.84142532667173     
   3.78660804869931        5.63511681719644        5.11616051262522     
   4.72981304258528      -0.720322793647356       0.501302213143636     
   4.59805520992261        4.55397204718252       -2.87169662171922     
   4.76555355219741        4.23037381354636        2.97459602527055     
   7.06130077884349        7.30419750095142        3.24913839578977     
   7.41593386489821        7.96555629755293       -1.27238118894281     
   2.52774540067488        2.43913990420407        4.05979487708035     
   3.67707827805435       -2.26668914942905        4.18569957454470     
   1.99760685292721       0.544886056030759        6.43068764010811     
  7.074188349582947E-002  -2.31957916418832        1.38871369612633     
   8.65114652285275        7.06875745348132        3.68241443323855     
   4.22639517180421     
   1.18388025030078       0.384550718505931        3.13037279972636     
   9.00890282152377        1.54772505030493       -1.92432119391830     
   3.67322064484154        7.11685694610677        5.34780469434372     
   3.04649872137816       -1.12254514541890       0.871808527190062     
   4.99113238687748        4.00829500974446       -2.28061612254435     
   4.87973011984116        5.87535338195701        3.88012764692951     
   7.53424476813573        7.39323478679229        3.58003300973791     
   7.43820927344422        6.08576563854177       -2.35237127622194     
   3.20058432057132        3.61882565126009        4.35654955390549     
   2.90914766230871       -1.69517252076428        4.50439228716012     
   2.94634469708123        1.20751702204940        6.43908248098309     
 -0.406779047218690       -1.72215912542157       0.861612870685727     
   9.18459885944789        7.94997205044221        2.06511766515471     
   3.56431334829569     
   1.48399571043942       0.800111974633467        3.63974544093419     
   9.00204088354126      -0.359776750907901       -1.54611256875205     
   3.31371521970273        8.40383795595783        4.96689384240066     
   1.06985307775544       -1.05634390092695        1.09523880740420     
   5.42263937395348        3.48450182475252       -1.79526991801635     
   4.79072931724291        7.55843836606842        5.05498275962860     
   7.72640209851572        7.17718813618357        3.71436556971357     
   7.10482490326072        3.99667442255243       -2.75554583608909     
   3.56682428675358        5.05049030852670        4.36994076101911     
   1.97458130419562       -1.15020140100282        4.66008959272424     
   3.90627865925576        1.88272446083290        6.25287521015471     
 -0.856305998319219       -1.02270030636405       0.589232003546790     
   9.49986810140047        8.16753198693132       6.569904726589035E-002
   3.47324430042477     
  -3.78467753758147        1.88151379242017        5.27617124825858     
   8.03283451489295       -1.71758388040284       -1.82101819807994     
   2.96113522346957        9.82361417682121        3.76025839171689     
  -1.06504005557973       -1.89932189580844       0.599684738062561     
   5.13207328111290        5.52375295545091      -0.652597474495311     
   4.59913161893068        7.98709288566914        6.37516244004508     
   4.62147992437908       0.449331194742441        1.16112079108688     
   5.87202222566918        8.79589126177134       -2.02387093072527     
   1.93866166201464        4.07676927750623        6.11046267973937     
 -3.857821926539517E-002  -1.08188778515613        4.25722770495316     
   6.84317546586394        2.80748841412556        4.29643613402744     
  -1.99978235356232       3.819197023749027E-003   1.41915285062008     
   9.85634595787636        9.08859630332395        1.45268304762069     
   1.34537162407548     
  -3.01637556924911        1.49466014732416        6.35172878976396     
   6.79161784156863       -3.78293018711429      -0.642556694544590     
   2.47723280988532        10.3195005220835        1.84688020700688     
  -2.18008269409515       -1.18274979498210       0.486409569496249     
   5.50221562382453        5.42694877802684      -0.357155791137477     
   4.73483816604952        9.57522882557446        5.95493912545944     
   2.20359983473089       3.926521997879789E-002   1.56267937867549     
   6.56089240287047        7.61081052093416       -3.04076130909402     
   2.72101726550986        5.28571579846076        5.57041359577582     
  -1.16803768337117      -0.542379704828408        4.17911552399671     
   7.71265818105713        2.94650203164328        3.20804012968157     
  -1.93600128326843       0.644572653273109        1.99434200219625     
   10.4994254931714        8.09785399415186       -1.90969173735336     
   1.86598744480261     
  -1.81482174911366        1.37314268411675        7.05463919519171     
   4.95181707699654       -5.10612375194885       0.553303515967565     
   2.79301785683899        10.3527325103582      -0.227776325611615     
  -2.07971331139770      -0.653043612724095       0.557969799902217     
   5.82826120091414        5.39613739192118      -0.127032102554766     
   4.88830503053624        10.8173204109114        4.19938624387475     
 -1.632440805334345E-002  0.285952282045509        1.96396669522888     
   7.24952812157498        5.92750048970243       -3.75604036646934     
   3.15346508039961        6.69423704210829        4.35891775760456     
  -2.20033289852598      -1.573711301194767E-002   4.28973232318921     
   8.41132784300498        2.62134934177815        2.12753540086756     
  -1.65771997147550        1.07469493605306        2.87778912552022     
   11.1102933060207        5.20047953409757       -4.07113617980648     
   3.59217645233671     
 -5.285448101593268E-002   1.59865599579589        7.48807518215419     
   2.69668242631144       -5.61528906767461        1.11154660187366     
   3.78842485682152        9.93551568375730       -2.17550131615840     
 -0.903853522983022      -0.316651447399288       0.792490707999028     
   6.17274421706825        5.36751270022598       5.104085071014407E-002
   5.07989835403879        11.4200918265086        1.35093136235546     
  -1.04393943340791       0.716021978067299        2.51444786658823     
   7.80376011727528        3.78508838813797       -4.18331035044213     
   2.95124347613472        7.94245134097523        2.54188654363636     
  -2.86605972639027       0.297354214393502        4.61373497274138     
   8.88572885661787        1.77273837445841        1.35966406128504     
  -1.22569478078336        1.34432156734720        3.93263810223805     
   11.3137726171163        1.07544536441453       -4.53426021489418     
   4.74179741221037     
   1.75833479926624        2.28928355573700        6.90680233502190     
   2.57209511898837       -5.26766152910555        1.65571724705016     
   2.71165726954508        10.1527225303108       -2.14383524626083     
  -1.30167723013552       0.400177262966323        1.93288073684280     
   6.92981788680059        3.28310885754506      -0.873475895679282     
   4.21751266204397        11.3569230771545      -0.802957960380986     
 -0.253453863958378        1.12859117192374        2.99752541079839     
   7.74906413766966        2.56560595518426       -4.33508309350937     
   2.53695987388917        8.33970408372018       -2.01982626033109     
  -3.31446658466193      -0.228334082241800        1.38215614867308     
   9.61718560206297        2.32223452804453       -3.90977344611279     
  -1.30778955860519       0.535353738474161        4.62448433892517     
   11.0926388663736       -3.82261036420245       -3.03035408527994     
   4.05985253750344     
   2.95281499540075        2.98630019835272        6.87163949594319     
  0.258965648318029       -4.93234180296580        1.49391749623483     
   4.22202039235753        9.32189741572609       -3.47633211196606     
  0.477341034755606       0.726139472761979        2.47145930699154     
   7.28311874122377        2.50490803138325      -0.809007393418182     
   4.10758606225688        11.0694769877535       -2.42749329693326     
   1.01274987676963        1.60641004156684        3.77736747542523     
   7.78785043094340      -2.541806463192697E-002  -4.03160834273480     
   1.37033481056825        8.52075737574899       -3.31106330199983     
  -1.53112461707893      -0.278942066731011        1.59426633201414     
   9.69062861976677       5.598685914932064E-002  -3.89601828107037     
 -0.675107267902063       0.538306821391158        5.12295388753081     
   9.58035318853213       -6.65212106582901      -0.721880038526033     
   3.61338338166825     
   3.78457190985993        3.74669690846893        6.26800347951716     
  -1.86532619912556       -4.02290790210469       0.635542380845806     
   5.17005750342285        8.13736740393611       -4.28882747761791     
   2.35090937115752        1.61207395053927        3.10845333682013     
   7.48702438804227        1.54770201129969      -0.661521646949277     
   4.02732970122045        10.5558616178341       -3.05811151027500     
   2.60815349385435        2.59886391291106        4.59567714767966     
   7.15497165777536       -2.43450890793210       -2.96229086111501     
  4.784291461596855E-002   8.55543885244720       -3.21994434574916     
  0.417372067303161       4.235722965500709E-002   1.87497205473426     
   9.58455786921037       -1.92512753545035       -2.77854431735254     
 -0.460880554198591       0.718202907289886        5.58541530656814     
   7.44892827531384       -7.95062779796350        1.46477067326491     
   4.13023732835265     
   4.49343075749857        4.17217628769189        5.06011133583410     
  -3.38973692982339       -2.65925141902384      -0.267043546756461     
   5.44922835714555        6.98358474330969       -4.46428737833200     
   3.79290213271416        3.18623955315606        3.88073368545632     
   7.32293075859256       0.454222906588196      -0.358824116519127     
   4.03370585598676        9.99480819237628       -2.82621305406876     
   3.93224400510394        4.20306202209413        5.30657142755001     
   5.60227354913359       -4.12079797181247       -1.25518277942727     
 -0.744526674210114        8.58923872367584       -1.93544091085002     
   1.89754341586582       0.757606849460998        2.36958964621610     
   9.24104111025265       -3.23230145666045      -0.936602182522896     
 -0.309391583877324       0.971690812703346        6.02043146272578     
   4.97326914681172       -8.26478611217373        2.38200142249129     
   5.61029217020622     
   5.73741356786601        3.96973830088537        3.48374157616305     
  -3.76750137365937       -1.63141431506973      -0.379557682495568     
   5.60816337986949        6.17762326864846       -4.57645861080345     
   4.34541243922830        4.56756805942925        4.43005011216698     
   6.55306685363202      -0.580407563527007      -0.124873974352548     
   3.44761187064430        10.2078229828405       -1.18492550471908     
   4.29726622250990        5.05071441877238        5.22452393811747     
   4.84131909988911       -4.26951981607863      -0.645019260084096     
 -0.476905896937652        8.56858741183373      -0.214192535038515     
   4.07061381926650        2.63703366006737        3.43780293231411     
   8.24040975205897       -3.70042603501475       0.654865314541441     
  0.173472780595961        1.35182568224407        6.24707543881604     
   2.27646982686939       -8.25405074794381        1.34790089636696     
   6.62744971282896     
   6.93707084441278        2.90029872757434        2.03015001636004     
  -3.75973550988285      -0.526244527398044      -0.403567346353414     
   5.63089211894769        5.22809069273210       -4.21895666007308     
   4.57603421573542        6.80381300005318        5.01865927347888     
   5.10307636719048       -1.43502351252234       0.430254818438148     
   3.80516268987547        9.99809384657144      -0.239702729302011     
   4.68003633964424        6.55408115966407        5.14196463838599     
   2.40057273333860       -4.55448511846436       0.681065669240163     
  3.775907306679489E-002   8.57922581595691        2.07592690653923     
   4.06125418947913        3.52525389556549        4.23886357281232     
   6.96444710355376       -3.93582249979171        2.39170316830007     
   1.02546513900605        1.85055039719805        6.40323611940078     
 -0.368433848770135       -7.65944967407037      -0.622780424505695     
   7.04129075827223     
   8.29564706443475        1.33272046715773        1.22027551054837     
  -3.31407047432291       0.249144001083707       4.165507901672763E-003
   5.73842399857194        4.35811178790281       -3.86488444377331     
   4.18782712113142        8.88161046152665        5.05225391318691     
   2.91800483129876       -1.80558325705798       0.839330620205738     
   4.43068757546997        9.85397098604857       0.541472924631952     
   4.87143081494535        7.72384382021870        4.05709088392352     
  8.531051055290759E-002  -4.12052817918649        1.22632221288634     
   1.12108030987163        8.65926846928494        3.79737528399083     
   3.60564105922981        4.09198269116473        4.89989882838321     
   5.33727494757968       -3.77347857820084        3.57116136895651     
   2.31054928753252        2.45558058601042        6.18021869600867     
  -2.73944741743803       -6.18876092695659       -2.94089935363037     
   5.84115989218491     
   9.34675003064766       0.192437375623934        1.20811595228887     
  -2.72143608776235       0.800225035152303       0.675277573235460     
   5.94686086752431        3.42902415779362       -3.62054632465684     
   3.36418653242603        10.4577560129007        4.24563891208559     
  0.578781305392015       -1.60488125326017       0.976791375812813     
   5.17711955359037        9.78540670903825        1.01940321040854     
   5.00596307562679        8.33908046470113        2.06638416307345     
  -1.27945131561636       -3.42642582339002        1.16857055399914     
   2.25816790734656        8.93838408684672        4.72056592143861     
   2.92041736575961        4.46210733081839        5.34152895331829     
   3.53565252205935       -3.42365156392748        4.08058061452749     
   3.84402259713830        3.05990710541842        5.40302094971388     
  -4.38888270587351       -3.73069598519071       -4.40430253998937     
   3.43979229531606     
   9.74663148439386       7.547765488708089E-002   1.44790950106173     
  -2.14406248731715        1.22169333417978        1.50680892028403     
   6.13911433052072        2.66168847412519       -3.30032960019916     
   2.57518655851882        11.3699872357624        2.61473548171275     
 -0.922126304130027       -1.06833415070970        1.00077999571488     
   5.76035119682992        10.2920398445466        1.53747274607628     
   4.95505253177629        8.13090050554432      -0.481319995051986     
  -1.50492935491813       -2.76273455618904       0.659680206548545     
   2.89539034946882        9.41506397887393        5.04044304972550     
   2.47609280784354        4.88878795031152        5.17648407332468     
   1.56188603552519       -3.23712438367991        3.74945343445029     
   4.78440911058259        3.37012153852919        4.42732559764133     
  -4.82209266912125       -1.32060672804570       -4.39810063751987     
   1.46091623964243     
   9.83491525233877       0.981555775755497        1.55440725983634     
  -1.53013600781764        1.56575405639162        2.42383692180034     
   6.33367914612208        1.39101540581287       -3.11712088811946     
   1.38888281489203        11.7492436696291        1.06026314521870     
  -1.52776511550720      -0.532861480703711        1.10755719955973     
   6.48365283486566        10.3516120640282        1.31798907921346     
   4.97524798358875        7.46852592467922       -2.28005471439116     
 -0.268306975007456       -2.27483402268191       0.551999977171600     
   3.54603524025530        10.0759867098691        4.67388945210813     
   1.65748523511850        5.10924926319850        5.03563157796984     
 -6.688823936783653E-002  -2.69350352196786        3.32290013457987     
   6.12143770134528        3.66615575915467        2.85879553830624     
  -4.80838026866774        1.03597397001882       -3.78113300307331     
 -0.175480364900778     
   9.63588642317661        2.32231553182754        1.03386493864276     
  -1.01068120485956        1.83575978065545        3.37739152876064     
   6.31081107893609      -4.563738690192556E-002  -2.70263046362071     
  0.173128770569643        11.7518491057254       0.159683930891597     
  -1.32970312276119      -0.116753090601684        1.36542958491005     
   7.24076848429629        10.2278497061926       0.750187549891541     
   5.00378620224516        6.59550935761415       -3.24923068465561     
   1.42382504554416       -1.62196283135095       0.645939607721782     
   4.16315335491178        10.6971366857152        3.57883310087738     
  0.961777314884721        5.34086781008481        4.70120766952591     
  -1.43566056603715       -2.05124729054369        2.74155225267294     
   7.15628279591323        3.58403610388102        1.14902198723466     
  -4.31763182607040        2.61350556936210       -2.80152779776566     
 -0.998258061660995     
   9.31157450384744        3.42676557248083      -3.377764769342857E-002
 -0.543582915458379        2.06326642964354        4.31008094645705     
   5.92438456137912       -1.45786749944207       -1.88397739916157     
 -0.804195883853098        11.5791024263701       0.165384556000112     
 -0.877875224948544       0.250056736167299        1.76768927164385     
   8.07960646067231        9.70742004638379      -0.114108636770143     
   5.13711262684727        5.78567535189798       -3.50180103362022     
   3.01556683658293      -0.639661299383088       0.922922769205604     
   4.85306960871862        11.0429507905185        1.84742656491559     
  0.624189631219325        5.58015921119164        4.17938768834564     
  -2.48099485692344       -1.32100689640238        2.26743300110700     
   7.85996391333684        3.06421946212459      -0.357279861714451     
  -3.68117292303058        3.44836753392349       -1.80068418718740     
  -1.22945928253131     
   8.98928270526554        3.90720731508555       -1.32205113349969     
 -2.088316191262595E-002   2.30988943378102        5.11024596422653     
   5.13030900330338       -2.57469084044602      -0.690281285151417     
  -1.18689316186138        11.3714148926946       0.767910741129330     
 -0.698528617593998       0.625805244718257        2.36712092590997     
   9.06366101958274        8.38807814180723       -1.25943642704827     
   5.45215804088460        5.33607355900851       -3.34379842116152     
   4.23724704681938       0.603098146644708        1.26260223515843     
   5.55070878996956        11.0033552559050      -7.184566672438727E-002
  0.768563844013737        5.88428073289030        3.20647102343141     
  -2.89769069062909      -0.597288948498865        2.13241219597195     
   7.99872814722870        2.35886304596617       -1.50629630755015     
  -3.15606481954335        3.76902785111240      -0.872405817499526     
  -1.10115143490661     
   8.79383076374384        3.72920552800224       -2.44590582714941     
  0.543596883443904        2.73580363068195        5.81754736061424     
   3.85746040959269       -3.23152057063274       0.575315957648135     
 -0.715777939749081        11.1983035219687        1.33845934667891     
 -0.778135523073669       0.977102682155193        3.09373637605065     
   9.93186142404570        6.34671665478266       -2.15908397319848     
   5.80721658021479        5.12139412091468       -2.98281956269248     
   5.06970417363375        2.07860810385964        1.72372529405740     
   6.38959931116989        10.1278747929602       -2.17470743807673     
   1.41650763972294        6.24220633118063        2.26938296703448     
  -3.17336083232349      -4.586012844007222E-002   2.30257358637453     
   8.26538254460842        1.10078505683677       -1.93746400752240     
  -2.74580325146895        3.83353204242469      -1.702800236378416E-002
 -0.717505227457121     
   8.73563457768570        2.95347246243996       -3.20311362891518     
  0.998581951562724        3.38882515220038        6.30322032542073     
   2.20884119989952       -3.38214616536645        1.50598547245914     
  0.525993789850392        11.0841089559755        1.30910643659397     
 -0.979907086569662        1.27507556994874        3.99965169729844     
   10.5345509839803        3.46921793707685       -2.66588894454945     
   5.93395541317991        5.22325031601983       -2.53800253619725     
   5.57161183443336        3.65721738150380        2.28115600433408     
   7.13722098930417        8.38671191152258       -3.88576313124564     
   2.19364485432797        6.79948299867619        1.01375715593403     
  -3.09482027094572       0.267696786731826        2.70485820327565     
   8.33155365116479      -0.271088692541991       -1.62224879611673     
  -2.47748158391827        3.80077959526555       0.825042406088995     
 -0.145844939167071     
   8.75372851659355        1.71041944110142       -3.48750644873423     
   1.15027604639268        4.19164661221323        6.45903917769175     
  0.334393562137008       -3.07035064060927        1.86660406660127     
   2.14775225286079        10.9222738754022       0.435857617672341     
 -0.934275639366971        1.47893757408854        5.02694231575447     
   10.5273956741595       3.713558923338117E-002  -2.50388591835217     
   5.62086354951151        5.51276627488540       -1.99824886331067     
   5.84017037629935        5.28432215305306        2.97375663249694     
   7.55977678686261        5.84817679633402       -4.99349686752122     
   2.51699767679825        7.47037255091318      -0.441212262297080     
  -2.59574345840968       0.323341756329852        3.18243455157808     
   8.18634763100458       -1.48188163559352      -0.636914933715566     
  -2.18139240855269        3.77634372605232        1.69585304832322     
  0.605286613319566     
   8.68130617154522       0.220804820965934       -3.25733085510751     
  0.947095928163103        4.94520867150530        6.19250643572038     
  -1.50301095742670       -2.35211007743450        1.75095536814517     
   3.65539628180115        10.5321374289341       -1.00135154987598     
 -0.361381651501853        1.65803853289251        6.05022295556233     
   9.54570954604942       -3.39715647969696       -1.60486437025308     
   4.99567748096144        5.90232109270066       -1.29294450298185     
   5.98150789129471        6.98415529858443        3.73330803557938     
   7.27797832609831        2.87850728037492       -5.34506554566388     
   1.94366418480748        7.98378112387819       -1.53294068771167     
  -1.71260119506294       0.334376801205028        3.67533039029971     
   7.77340865990991       -2.35049930089149       0.628154515604749     
  -1.67568361774389        3.75933256579233        2.56580861042508     
   1.50260541645550     
   8.32622322326405       -1.39932237482047       -2.43014535558763     
  0.525432337563626        5.46189152798260        5.54992811330053     
  -3.02771296284526       -1.31993326440543        1.51966426514069     
   4.87085155772300        9.73277809346832       -2.54836254684909     
  0.818142035684174        2.10643812007126        6.94055092158701     
   7.41344952996197       -5.89842611166357      -0.235521203892484     
   4.72855002445267        6.06425082273112      -0.436627048666967     
   6.05837335041084        8.52290906795512        4.26600855664102     
   6.10343962356437       0.113683510363967       -5.02511530692784     
  0.575274850363794        8.25416151266813       -1.97471156295806     
 -0.490786019556367       0.452024101124387        4.08968066570514     
   7.27477370194390       -2.71322790911650        2.13472507166833     
 -0.715764023283096        3.91448960865592        3.48853260870980     
   2.56259553022101     
   7.42952374816052       -2.78446876115116       -1.09045373606756     
  0.271998786767907        5.75977744981165        4.63499069379643     
  -4.03125410125007      -0.192141011453775        1.56766806911671     
   5.79868185642724        8.47098414205129       -3.69287011244428     
   2.21512987196252        3.23271713462766        7.57201645539868     
   4.19090886782347       -7.19258480499290       0.521166068901780     
   5.09262926648516        6.14788461175062       0.395911280030588     
   6.20476241508785        9.81512395166959        4.05364090905977     
   4.15631198239715       -1.68676148381368       -4.10611152377255     
  -1.06374698680364        8.25593407914585       -1.29630383480214     
  0.614825661489137       0.896184620208087        4.54397408064482     
   6.65095123936729       -2.65777338868407        3.39804121972083     
  0.680452511565741        4.15795071967797        4.37610430239045     
   3.62132375210398     
   5.90530487778786       -3.65119116684554       0.408314346086077     
  0.558577798718806        5.99260024463346        3.50740771117393     
  -4.50913033167140       0.735343767824554        2.09108331003383     
   6.58929882895035        6.72263914608795       -4.34911291117124     
   3.23035721665291        5.10160158762765        7.48710774496063     
  0.177896605479303       -7.18026651004961      -0.177536115248006     
   5.48086675422329        6.41075446540412        1.12267483373341     
   6.49314544465261        10.6077625475667        2.70093465944658     
   2.31282308885420       -2.26703819589440       -2.97151275667399     
  -2.33586470981088        8.03469282869480       0.287977357935350     
   1.21656788455400        1.54195173463257        5.07240072079242     
   5.88777779999221       -2.37714160470426        4.26087189528432     
   2.37527939915105        4.46049267011790        5.13560909391790     
   4.43772692948797     
   4.00547425778184       -3.88885641860665        1.54149484262724     
   1.44835579717144        6.21534721950499        2.12186836336407     
  -4.55692818168607        1.20303120041438        2.99809090719825     
   7.24194888499576        4.46878793516958       -4.64148386732934     
   3.37401702445482        7.10163462365380        6.00557969240470     
  -3.61246584041530       -5.69731383013404       -1.98042738415921     
   4.98182693124693        7.18703947895929        1.95321089660630     
   6.90014280756165        10.5704201829840       0.487041048799512     
   1.62388809372224       -2.06694860528072       -1.90376184623231     
  -2.88915340943542        7.61901268130265        2.14023842738031     
   1.25031979113491        2.18089228634237        5.67759570975289     
   4.88386549945194       -2.08199314625211        4.72520036329180     
   4.24662344625487        4.83001995060371        5.59354867110600     
   4.71702498981342     
   2.12788921374394       -3.67061313947057        2.08513225555172     
   2.73539100914892        6.28271152438593       0.468916316196674     
  -4.21808942180788        1.11337102647178        3.98876726118732     
   7.64269811996345        1.70544227549198       -4.63522797438942     
   2.55124892477760        8.58000553531671        3.07813695193478     
  -5.79768278009311       -3.22281212192278       -3.44396998060591     
   3.50800683851755        8.38991732537019        3.37339542435416     
   7.27860628249635        9.36329920642743       -1.66189260320742     
   2.34424173049623       -1.58810247529962      -0.937016261073347     
  -2.94429358979570        7.03991340890563        3.92710264348943     
  0.903547723405671        2.66982302064384        6.22586206976094     
   3.81564532536719       -1.78211982199512        4.85885878340788     
   6.11396232792132        5.24359929404682        5.61029253299767     
   4.37389565043264     
  0.753886995049209       -3.18250094245802        2.08852612620852     
   4.03479326981739        5.98291166406299       -1.30354037012714     
  -3.46153216829332       0.595430217355582        4.72685187982207     
   7.56173363871333       -1.21431083265722       -4.01595657945417     
   1.00978967325743        9.14037093792801      -2.821076927054733E-002
  -5.88113829530480       -1.12480254717903       -3.72935891646569     
   1.79533179758894        9.44847397795634        5.69152338228482     
   7.16881464032626        6.91354001486032       -2.86389844556278     
   3.74289922481256      -0.783499778034987      -0.110728741525158     
  -2.56133581119159        6.43615897773265        5.30710157096020     
  0.424636760663180        3.03915211223195        6.71877579819693     
   2.64285494617698       -1.51449360865093        4.75878701844954     
   7.92138649482838        5.60151674146039        4.96206697773877     
   3.54625320200671     
  5.851373489141084E-002  -2.60927768764851        1.83017857553606     
   5.09694233555501        5.20777133068784       -2.86139631045222     
  -2.30204272045243       1.447064313125000E-002   5.08333697776552     
   6.95462292487467       -3.65935155641412       -2.50376419760329     
 -0.482993766214816        9.17759870965936       -2.06050262286869     
  -4.61417253128105      -5.160213114972556E-003  -3.27199849987481     
  0.380490770853457        9.95624672932842        8.48399026575231     
   5.68864800863328        3.80260021184810       -2.90205819672291     
   4.80566794270917       0.362193515516527       0.403789802120425     
  -1.94415535098508        5.94198609489742        6.23073861011254     
  2.000092952653965E-003   3.34180173129789        7.11293001595731     
   1.40932684309857       -1.22384308940329        4.51725806510123     
   9.56646201991214        5.62355481386136        3.59381855444446     
   2.69654238044512     
 -0.109751462342568       -2.04354351244480        1.55349466672184     
   5.87631368143489        3.99975791080100       -3.89788236433836     
 -0.956622576074057      -0.221531955206790        5.22148402693059     
   5.94784837807886       -5.13263633518942      -0.330738470094771     
 -0.953490412089284        9.20838952602171       -2.81938670621233     
  -2.87096767050672       0.529252102548654       -2.63151561622136     
 -0.593260266240873        9.80394596089962        10.5911797272907     
   2.35813962148671        1.60154968829977       -2.24109705479958     
   5.22227383416418        1.54002666036803       0.502905530296577     
  -1.31045642757484        5.60109590847557        6.78529816726209     
 -0.274959031469721        3.61457984302406        7.36307218973026     
  0.180073407372601      -0.831867061856012        4.26205202497178     
   10.9005312148576        4.93260508442645        1.82609506420139     
   2.29531140338513     
  2.153011317710385E-002  -1.50251523764371        1.38164051428738     
   6.38864503330728        2.55925367277758       -4.31252459604216     
  0.215623368563988       7.588268530199507E-002   5.37076892537916     
   4.71872009081679       -5.63950304396892        1.69126069991263     
  6.506034717521922E-002   9.28864464346585       -2.87660325721443     
  -1.09322030873974       0.893727913788650       -2.03024808612582     
  -1.12400837774563        9.18446961977383        11.0823887403179     
  -1.62789794479723        1.76129026065297       -1.33297960995066     
   5.35881210205903        2.47823450225627       0.291202572973284     
 -0.736254831643247        5.44519546114640        7.06977736114350     
 -0.419910037443476        3.86917926752585        7.43391324772769     
 -0.950031844781807      -0.288419072247916        4.16919251687213     
   11.7867333351439        3.35927303727822       0.316601090412584     
   2.40067241922152     
  0.316012626291905       -1.00014501542072        1.36410382359730     
   6.71826355064428        1.06407143049506       -4.18849248471331     
  0.934855676073097       0.807899280636232        5.61082118269727     
   3.31009299231619       -5.54274107114994        2.85462376055578     
   2.20913293320098        8.98655528341649       -2.89978410662560     
  0.533283198707139        1.27856941787007       -1.54678383510351     
  -1.30046808902727        8.42297811971372        10.1740656396709     
  -4.29840631856994        3.81493871832768       0.329540097813450     
   5.52369785752526        2.98130022564790      -8.615190115059593E-002
 -0.246620819829988        5.45405549651406        7.17315919831426     
 -0.462541358570000        4.11386954719590        7.31574802811975     
  -1.88866351167956       0.382776330828765        4.43638271560776     
   12.1076592082428        1.08596591174718      -0.297445829972716     
   2.72480225817802     
  0.649264742209740      -0.547372304317169        1.49901286695209     
   6.90565309569817      -0.333966770457876       -3.64228868721571     
   1.15680827669362        1.71898394611287        5.85834462638862     
   1.72952586316813       -5.17266822005285        2.92689316183123     
   4.56063357437971        7.98183313603898       -3.20582429501950     
   1.98364360526741        1.76272682736737       -1.22415019663333     
  -1.23814463614286        7.77290197487862        8.71665938904476     
  -5.11938145430296        5.88192135388158        3.25760911310806     
   5.49876592095030        2.73615031192513      -0.442092061465970     
  0.168638743266232        5.61625196959154        7.14658608852647     
 -0.451870817891925        4.35186201361346        7.02536086311270     
  -2.58464683723392        1.06637056127954        5.16907947633172     
   11.7369962801422       -1.38785535132159       0.224118556798154     
   3.03286075247324     
  0.863185225474612      -0.143296735008912        1.76120727785813     
   6.95858918879451       -1.51924612532821       -2.75326932595731     
   1.05669858503055        2.58073000886546        5.98245085278338     
  2.137963534644943E-002  -4.61825404786100        2.11506423171725     
   6.30554211065985        6.41989115386743       -3.63241552932953     
   3.17952714875717        2.40944752595200       -1.10550042171895     
  -1.04049182803649        7.33263663019867        7.28815835674922     
  -4.86883327258768        6.76267240519520        6.73402078095911     
   4.61595767690648        1.66141907589087      -0.510259301980451     
  0.511372009945905        5.90700866058704        7.02158606696102     
 -0.429588574770030        4.58532132350530        6.59418506678435     
  -3.05680685618208        1.60382430994177        6.28226554406141     
   10.5194181241131       -3.51811149586719        1.60752055043776     
   3.47802937154107     
  0.808651571082512       0.220919516048018        2.12697287702681     
   6.86397737551957       -2.40056964063425       -1.60258630087393     
  0.923833131983307        3.28342857571891        5.86654101501502     
  -1.62004403835143       -3.76906825682701       0.888513555454614     
   7.17081827099454        4.79185858658412       -3.88529976832512     
   3.97443780369312        3.19575368247507       -1.23376452923717     
 -0.796059331554384        7.06281160643377        6.07984737742416     
  -4.34459060393721        6.52394506892147        9.55286579811074     
   2.53390874526544       0.501908620500681      -0.208665186761979     
  0.833005979904961        6.29586366651974        6.78972456792398     
 -0.440301876112107        4.81279444811192        6.07052466192610     
  -3.37607318232547        1.87279469239700        7.50968841814395     
   8.38619984850550       -4.99884207254414        3.13807908547100     
   4.36473568424784     
  0.415501630360022       0.568127755169656        2.58025015072371     
   6.61215437833774       -2.93482980785209      -0.322524236648282     
   1.02909226291303        3.86865088653598        5.44151358850232     
  -2.97620197722379       -2.52988676502805      -0.202839968651030     
   7.37948028157032        3.49680329731651       -3.88443944871545     
   4.31503264283313        3.98983059479407       -1.58725767956153     
 -0.547362541019470        6.92968142836272        5.04752523471227     
  -3.92413147537271        5.66492147891344        11.1235402574108     
 -0.114554986096815       0.319917973612231       0.235678240478649     
   1.23632676862713        6.75712372004837        6.42249876689397     
 -0.495041743659796        5.03606426261516        5.48226047797732     
  -3.63111256714599        1.82891880492269        8.54365525285167     
   5.52832075208559       -5.82176749483847        3.93977134912081     
   5.67323465179074     
 -0.109343903167351       0.956643070343092        3.12556352950519     
   6.19628097287213       -3.14832906889129       0.904546221696382     
   1.52998006863581        4.40467183389044        4.66017703198301     
  -3.86209223297176       -1.02339694101527      -0.689417903009939     
   7.34367952262183        2.58264697344304       -3.70191265423869     
   4.29842290701518        4.65153527016032       -2.07671808648763     
 -0.309197558448017        6.89722289037523        4.10712777038593     
  -3.68832045950450        4.55462070963670        11.6727478000583     
  -2.09266213086090        1.39370597678340       0.776482726882197     
   1.76285902429905        7.27615716029989        5.85149320336968     
 -0.592108247354492        5.25553229709307        4.84610923588305     
  -3.88667829315616        1.49111506369440        9.20094550072896     
   2.36334247897208       -6.06185909306459        3.47582420967281     
   6.97857704165984     
 -0.223416447579395        1.39287011753689        3.76302763330384     
   5.60544387540840       -3.13557140973804        1.90734374643224     
   2.44147914920350        4.87775925974499        3.49543012794054     
  -4.22825000119848       0.400736647590256      -0.370140445134335     
   7.35031442519078        1.82593589944652       -3.42325252723949     
   4.05196702292822        5.11829780857189       -2.57944190213284     
 -8.221657556734535E-002   6.94607382281329        3.17422622516140     
  -3.59791938840070        3.32518826604324        11.7746383181089     
  -2.53552052787023        3.02304863004220        1.67405953126254     
   2.42249518070251        7.78803105455886        5.00551297262974     
 -0.698535538240387        5.46805703456940        4.16012514418640     
  -4.16671775771683       0.899378916694713        9.48398670440184     
 -0.555480313373458       -5.57887915941422        1.85294522073375     
   7.83578707472941     
  0.521171927303435        1.75059508737728        4.41525864105834     
   4.83853336529830       -3.00797159567474        2.58354060730246     
   3.66297247666823        5.13892700433905        1.98084383622789     
  -4.13839530717386        1.37056157381544       0.618073337562763     
   7.42539567487692       0.974903934271820       -3.05805096959827     
   3.68402447407726        5.39268829019232       -3.00378749107385     
  0.125280033160444        7.05235401108615        2.23085692493231     
  -3.54744554634762        2.01671775282174        11.8292919564794     
  -1.37052366504910        4.28070382673989        2.91482988929283     
   3.21413395036118        8.13412438478871        3.81893265564212     
 -0.747645017292473        5.66313853378342        3.42324465251620     
  -4.45789680210771       8.855052439760751E-002   9.53123257280409     
  -2.61572956444496       -4.13457299894602      -0.120440529188018     
   8.10325658783096     
   1.98735150032358        1.90728789400254        4.92348414256319     
   3.95053262460051       -2.83227125145699        2.90617457096384     
   5.00811621438305        4.96621285753059       0.265561004452409     
  -3.69274785660473        1.72112545451506        1.91297064616475     
   7.42362558785122      -0.114536890775334       -2.55435639045176     
   3.25574553941134        5.51251473004414       -3.28480976813564     
  0.302410998271196        7.19892042230068        1.27051190423001     
  -3.42366691869763       0.632236779225526        11.8878068341191     
  0.997093531142736        4.62453802195497        4.07608812226484     
   4.11614393627704        8.08861767567500        2.33452801125594     
 -0.635823583909381        5.82863415019290        2.60678943303855     
  -4.70435792221282      -0.930208787660537        9.47703746657881     
  -3.27999820832496       -1.93610383898162       -1.33360911824635     
   7.97677336862346     
   3.59891336113796        1.87289387195435        5.18578112477912     
   3.05025036278985       -2.61920143490594        2.91764309562714     
   6.25549285011279        4.18850330627569       -1.34018495434134     
  -2.99589354224492        1.57405932308201        3.13332465634238     
   7.19453183727409       -1.37081391256054       -1.83498911348607     
   2.86393495517016        5.51336754499565       -3.40596488418523     
  0.438376058735583        7.36229345055180       0.349391796396557     
  -3.09819503882250      -0.724470800015041        11.7150117664234     
   3.94508283257264        3.96396734957152        4.77883881281783     
   5.10841458011349        7.45931002414278       0.715046573570963     
 -0.313618539044370        5.96913456990990        1.68529315602617     
  -4.81009201481221       -2.13630711315332        9.31255357324391     
  -2.36483931289395       0.150775927114239       -1.27756672438954     
   7.77717603078272     
   4.87045876926910        1.69913526628163        5.22892283891013     
   2.24848650224441       -2.35957919589747        2.71307185763218     
   7.22384128741717        2.83891185865457       -2.45630242554482     
  -2.21095527994638        1.23417580173007        4.07672565625068     
   6.67727405822751       -2.56512159658906      -0.899839078244402     
   2.66682896353368        5.41208396881417       -3.40345063050752     
  0.527413363450363        7.52200573453551      -0.424445054806194     
  -2.47910546526807       -1.82018476405504        11.0497034328548     
   6.74935366552343        2.51611308609731        5.03624276555616     
   6.15760015475150        6.15207842164070      -0.791295852946962     
  0.134354853000252        6.11243396064328       0.668306623430833     
  -4.63759771438486       -3.43051490762431        8.82471713300851     
 -0.217057804689467        1.25491467438554      -0.428476620426054     
   7.68819503389187     
   5.64494258700509        1.40478592726752        5.15676923692520     
   1.62234328246435       -2.05096848321157        2.41310027626798     
   7.84146505951536        1.19365000549141       -2.82524157710283     
  -1.54327913525319       0.968546386297471        4.75113651069782     
   5.89228226390427       -3.48391842240845       0.114864450292169     
   2.82112205508569        5.19060904898564       -3.35808198699586     
  0.564292151354926        7.66585581118263      -0.926167159997086     
  -1.58187667413909       -2.41268032094587        9.89839821750905     
   8.81107424705763       0.767155700404049        5.14266741725184     
   7.18321841451189        4.16992846035728       -1.92088681602979     
  0.489231303683155        6.27856446085731      -0.347784097252065     
  -4.04131800292638       -4.57232557457817        7.74667902552188     
   2.40119829317755        1.20838489936043       0.455353022267897     
   7.76217331650795     
   5.96926881017872       0.988621750008568        5.08417434059623     
   1.21244097188719       -1.70589340343742        2.12841067235507     
   8.15049431810264      -0.359658063640142       -2.42544171154261     
  -1.09453535443579       0.872424366622298        5.25509879255233     
   4.89248358500290       -4.04749477426235       0.977299156467639     
   3.36873353202823        4.78689117615207       -3.36795510222890     
  0.529624440469176        7.79394753684531       -1.05274055549319     
 -0.557163817876150       -2.39484812097311        8.59646616812327     
   9.93096990183271      -0.671778913928728        5.33283415769767     
   8.01814939108895        1.62959655728230       -2.39159462035796     
  0.525673010061311        6.44918845220734       -1.15690685874811     
  -2.96945080546872       -5.24704725991304        6.07383773785012     
   4.70321865750653       0.524799764355602        1.06203963562835     
   8.01451696483217     
   5.89660223994008       0.469635617349415        5.10138609839349     
   1.03231808249555       -1.34821184298397        1.93497835760117     
   8.24707947269111       -1.49880566979721       -1.43315734538457     
 -0.776252360887154       0.930744344664850        5.66532199798608     
   3.73594702443657       -4.29674872888774        1.48035598624202     
   4.17852885259803        4.13035686644558       -3.48260318429340     
  0.379974341321686        7.90877295364251      -0.768161164644420     
  0.370288925227086       -1.87582123153507        7.53325653741014     
   10.2974741372257       -1.46628362114964        5.61590459841292     
   8.42846275388145       -1.12117319418362       -1.91961256020994     
  0.257437610016314        6.59142779384525       -1.51611540719132     
  -1.58652604645768       -5.28531690089050        4.17984476997070     
   6.29070412530973      -8.834340458981388E-002   1.47603113008599     
   8.42442891168138     
   5.42683723077307      -8.828076475940599E-002   5.24762421173356     
   1.07825087174637       -1.00922018244309        1.86645102974088     
   8.22350139684480       -2.06418615334851      -0.134154932534663     
 -0.405470449215437        1.12836131258503        6.01091253608272     
   2.47110619531255       -4.29855759543696        1.53076811488166     
   5.01682685161442        3.21696900058193       -3.65662211411398     
  5.622328810595183E-002   7.99631466339325      -0.102652183517301     
   1.00588701230627       -1.08148280267178        6.90654684817507     
   10.1981101355797       -1.65893677549413        5.92935273623970     
   8.23576181499299       -3.49875160499642      -0.434320659807899     
  0.150637316373650        6.70783645114286       -1.34163474180788     
 -0.230087470276984       -4.80499909318826        2.51136972374554     
   7.21449373915525      -0.186677901583706        1.82515805157506     
   8.92602313039694     
   4.54920824841045      -0.577226997390275        5.49290766867437     
   1.33097266990717      -0.723302356882484        1.92075690564257     
   8.14659053547770       -2.06452828420074        1.16777107858079     
  0.143356806879458        1.47003185756399        6.27661052976631     
   1.14152274336496       -4.06683901688541        1.16612660419702     
   5.67583044992882        2.16429929421438       -3.76421890521599     
 -0.473911928136585        8.00416709603901       0.870796963210648     
   1.24436767344451      -0.227688888771594        6.72613170464628     
   9.82904426891672       -1.47869299474714        6.24497815601231     
   7.45286708712533       -5.01383790097324        1.59397458485882     
  0.908063264149159        6.77877330051085      -0.871513435347763     
  0.828549144197711       -4.09097698293456        1.27212821365409     
   7.70616871777259       0.319632600163694        2.17682048037682     
   9.41511549318315     
   3.30295541517172      -0.876050183478949        5.75025774013727     
   1.74263281754521      -0.520333412283898        2.06895000307113     
   8.06615937141764       -1.62527603979438        2.24573291611513     
  0.877998383381565        1.94718639492472        6.40258009689016     
 -0.190410851478953       -3.55038987558151       0.536478895788109     
   6.07240557494452        1.17511877295897       -3.67764160667002     
  -1.15902557387327        7.84424727301929        2.04280022572389     
   1.07700372784174       0.533388364971882        6.90449792295928     
   9.29642942821826       -1.14970642435965        6.55172862025320     
   6.25501288974462       -5.64119130168384        3.28874199067044     
   2.78993828785785        6.59966359485131      -0.569218040169104     
   1.57772042136907       -3.36568182984897       0.446204987051444     
   7.94989822883668        1.33667401472261        2.57829822343716     
   9.75609969615807     
   1.79878410327207      -0.888890717498784        5.93412458752398     
   2.22528755827986      -0.412482470973501        2.27141419436814     
   8.02494215939418      -0.916770040695747        2.99959172584231     
   1.72866923468112        2.52404485557960        6.29330580972180     
  -1.41322452209882       -2.68798426720552      -0.119672843848781     
   6.25701484389661       0.434433975316595       -3.34781137682001     
  -1.84901053437926        7.44074073107745        3.26535982504135     
  0.583927041810660        1.13219567036538        7.34313378093520     
   8.64561110667223      -0.834174919092013        6.83451320257659     
   4.84368567160878       -5.73099375870775        3.99083276174625     
   5.27757882731734        5.85147850705441      -0.748937990896772     
   2.21923256099911       -2.68972971477226      -3.806288010419868E-002
   8.04293637342120        2.74220145493701        3.06814283930386     
   9.78784268460042     
  0.226166571277887      -0.586709467803783        6.03200981437690     
   2.66270541513013      -0.384954453803424        2.49197375694741     
   8.06018749116325      -9.455286938291745E-002   3.43925829623174     
   2.61152749905220        3.14023119748031        5.85358079122866     
  -2.37956860402489       -1.51183538345187      -0.519945629481346     
   6.35386099805554       8.714023691124093E-003  -2.82404738559627     
  -2.36791191413880        6.79468892271057        4.37554259252644     
 -8.123279449726842E-002   1.56493581310195        7.95782949672033     
   7.88418098416351      -0.628612460938417        7.08638057619988     
   3.36047384390839       -5.62718343219609        3.58258508311771     
   7.51697869608797        4.47148070787940       -1.25230059523140     
   2.91151422496961       -2.01407686486110      -0.228396998117237     
   8.04352840280809        4.42314058018608        3.62505101925736     
   9.32242860871044     
  -1.15522215406101      -5.947218305080720E-002   6.12658834312662     
   2.95357765897395      -0.405537411310155        2.70797619334109     
   8.19756287835851       0.726065200113970        3.63292969191593     
   3.46228835849571        3.70764371788596        5.03929214746278     
  -2.97187505763433      -0.208228287440556      -0.431571909130604     
   6.46314852911297      -0.175440695542997       -2.20438905581979     
  -2.61246743187848        5.99937424708489        5.25645664722065     
 -0.738983788926548        1.85685963021973        8.66969264717960     
   7.00340718379862      -0.560000889330285        7.31697859586395     
   1.89333667628884       -5.44138645587975        2.30892541677452     
   8.94392337391832        2.88340476453988       -1.64950851262561     
   3.58685233529811       -1.27510037359256      -0.163810613607073     
   8.01717279113423        6.24855408529935        4.08321644588645     
   8.19719288264772     
  -2.07071171748324       0.468147198572817        6.31867256876853     
   3.05301868399473      -0.448067796542806        2.90485636607789     
   8.44785877957207        1.47259743935716        3.65497830533540     
   4.23541414497699        4.11835988655081        3.89576810117428     
  -3.16531985439589       0.940458921856637       0.215451450140375     
   6.58810295882716      -0.278621845777983       -1.55670359437629     
  -2.58085204939967        5.19210346460677        5.87804310430802     
  -1.25197982294867        2.03451163686648        9.40197943674367     
   5.98490725189768      -0.601547595489505        7.54776500294232     
  0.534916781317276       -5.07482869034099       0.555038992015442     
   9.48876439691338        1.75430465349821       -1.72504284480363     
   4.11099983356372      -0.458308817478621       0.105227602844408     
   8.04931064666714        8.01917172633481        4.07751614534721     
   6.45566107858966     
  -2.36105545368823       0.774081016599165        6.61657690702463     
   2.98985040253831      -0.500422558006586        3.07284943656777     
   8.80721802118079        2.10146249801896        3.56144976502431     
   4.89437340999304        4.26717334563613        2.56075879852380     
  -3.02478252950601        1.71491702687835        1.29318549225153     
   6.63994437135160      -0.457298637175342      -0.883352666226452     
  -2.32622520501408        4.49667920573710        6.27716503077773     
  -1.56640297341536        2.11949994857319        10.0775306086086     
   4.83514146386028      -0.680844106292858        7.78990985702724     
 -0.587107674335568       -4.35680616310099       -1.23601453166553     
   9.36008331091622        1.50524067824808       -1.59295192448294     
   4.47779523602853       0.418376976629115       0.534471615450363     
   8.22925871124828        9.41400164983985        3.17928418573517     
   4.58741993979678     
  -2.09764396409968       0.860695452565033        6.94159765698282     
   2.83335935992015      -0.554707484200727        3.20372194607572     
   9.26012623462537        2.58541623581001        3.38154494507946     
   5.40787364248489        4.09400381519811        1.23024711879376     
  -2.65051177791645        2.06784805147013        2.55487946123007     
   6.51389654982359      -0.781247084452611      -0.143315311447542     
  -1.89633118566269        3.99852051287629        6.50950915903323     
  -1.70444142780943        2.13676059106251        10.6351751743810     
   3.60139877005594      -0.712955503669203        8.02783362940027     
  -1.31859122986190       -3.22120888579590       -2.61593366548834     
   8.80900528960361        2.07333730055175       -1.45406772094213     
   4.76137153615704        1.36304714738966        1.11153165805957     
   8.61911622931342        10.0018277757454        1.31453809985927     
   3.44916953005874     
  -1.43581441023560       0.936269762115083        7.23830704582156     
   2.62567956511380      -0.600568909847726        3.29471633268460     
   9.77720380027313        2.90067757532876        3.12818454717517     
   5.76126919611104        3.61535234471196       9.695287863266934E-002
  -2.13946293646268        2.11313792313562        3.76931046906184     
   6.15231177237463       -1.20524445693408       0.685776743356453     
  -1.30106321560007        3.74558071760239        6.61012166053940     
  -1.73443008586290        2.11106780710096        11.0434190290140     
   2.37722855730775      -0.633666703699352        8.22420148960901     
  -1.54459157145625       -1.82153664554454       -3.27416013149802     
   8.07217391963572        3.06783498466337       -1.38342683830092     
   5.01445951053119        2.42525967031795        1.86658095692865     
   9.20195036984918        9.38219704264775      -0.929688606052919     
   3.60819747554478     
 -0.329130493667938        1.17974177232218        7.49622068538147     
   2.34054450061255      -0.623874229632769        3.34609036012230     
   10.3221023175749        3.02467236764612        2.80734634320091     
   5.96390259691854        2.92908229426814      -0.707145873197268     
  -1.57823154522342        2.03214459062637        4.80694445609503     
   5.55530925730915       -1.61845746460608        1.55904567322777     
 -0.514490433351773        3.75251661347597        6.57873014762776     
  -1.73954472468093        2.05936558370305        11.3043045819577     
   1.26935268332136      -0.417818371493524        8.34819130121903     
  -1.26821173865666      -0.479106074824485       -3.18324270922452     
   7.36200337536367        4.08169049534962       -1.32335397439700     
   5.24551719677913        3.67383617705129        2.86551388031911     
   9.80325360236023        7.39326723003415       -2.68232764194385     
   4.71370963429462     
   1.30194456033036        1.60670869706811        7.67988746595713     
   1.92429599994322      -0.597400747357207        3.36799939216185     
   10.8497292849680        2.93606867408959        2.44056614789493     
   6.05535436199149        2.17395177681687       -1.14470274537922     
  -1.03792983480063        1.98102226235911        5.64243786319188     
   4.75486981554556       -1.92342063994888        2.37139103335289     
  0.495921476407913        3.99883334985608        6.36886271762025     
  -1.79709226195736        1.97746826834724        11.4447278717538     
  0.383027778932119      -7.535799383539912E-002   8.40408922705426     
 -0.638553851239623       0.519154892447257       -2.57019379948801     
   6.81109760713893        4.88731929682848       -1.19626269382627     
   5.43529351534921        5.17538974302809        4.15630473215769     
   9.99044623461119        4.23763572216099       -3.46447526752933     
   5.74453126095489     
   3.21369654106660        2.16173026925084        7.68308216837203     
   1.35953816050173      -0.477901727518531        3.39100840155579     
   11.3106507023930        2.62370406320213        2.07639135915957     
   6.09123602103825        1.47638210170545       -1.25823182156275     
 -0.559915236787836        2.04682533028036        6.30129339904383     
   3.78789921783475       -2.07481502957407        3.00557554593990     
   1.73365142519004        4.42197400087745        5.88672342141493     
  -1.95565762784572        1.83486198205650        11.5058370301577     
 -0.190375486660798       0.357854296078657        8.43326111808726     
  0.117018504186390        1.06891446985853       -1.72865438269471     
   6.46106029817361        5.43086695784624      -0.979175433243872     
   5.56364631644835        6.96918630400949        5.60535203766015     
   9.03387796583214       0.553604848940298       -3.30581617158690     
   5.92842702939634     
   5.01145484636600        2.87764440951501        7.35887251413374     
  0.676154731512828      -0.222632677985066        3.48092793540398     
   11.6547068477571        2.09053618049533        1.79093623793204     
   6.12117215105089       0.910652874541022       -1.12975278964346     
 -0.149980910285808        2.25447814239518        6.80644345445215     
   2.68897001708548       -2.06414644309994        3.38009742345145     
   3.14819787363926        4.90696518464302        5.00772926540213     
  -2.20802403196323        1.57151507254330        11.5307635274599     
 -0.372052005465850       0.826799017029165        8.48537614301164     
  0.791413628637793        1.23426969778585      -0.866924633628983     
   6.30675251253570        5.74458775131563      -0.701064179945987     
   5.63581697906322        8.98973188463129        6.60150293179598     
   6.27099837031258       -2.51580511545426       -2.61832075802107     
   5.33176013608949     
   6.55851768585724        3.76879941470748        6.54051270887654     
 -5.883266087257351E-002  0.173220872102744        3.73304979551200     
   11.8334663034896        1.34994708377353        1.66805682197343     
   6.17416414055105       0.494021891279680      -0.841503705635836     
  0.213337479807139        2.59748301082571        7.15366240157067     
   1.49349557402354       -1.88493517756992        3.48129375478113     
   4.62886456384914        5.27055509530617        3.64600913715211     
  -2.45464633652098        1.11351928292043        11.5435495711248     
 -8.728034377705082E-002   1.26518225767372        8.57842999971182     
   1.25620728884984        1.15564765415776      -7.548059504348903E-002
   6.33509967082697        5.87464898643804      -0.410885217053039     
   5.68934844896248        10.9323993979223        5.99881358007774     
   2.19714640968697       -3.80247912856455       -2.17452706041417     
   4.46969535358805     
   7.92830748796162        4.67902569569230        5.06913459119974     
 -0.708557524960804       0.635594918933663        4.23355433673294     
   11.7869361392606       0.418906794609753        1.77989304288401     
   6.26578857409694       0.194548023551787      -0.457214672084589     
  0.563805361908507        3.05956436658791        7.30681771613587     
  0.255652793013171       -1.51431757072292        3.38004163712107     
   6.02162227690346        5.26968776671648        1.87360400068604     
  -2.50404630412045       0.427276403408910        11.5236056819519     
  0.728344330256217        1.60337498685139        8.67634776820546     
   1.47412000092399       0.974809496577640       0.629374166439345     
   6.53274621145445        5.85052621213103      -0.150587705495034     
   5.77429837780496        12.2310267769544        3.10068393612380     
 -0.988017528150416       -3.35219962323487       -2.26837501754708     
   3.51978311551833     
   9.05605557248872        5.31755882336509        2.93581081493402     
  -1.06067084282765        1.01480902983327        4.98064588924530     
   11.4320799420441      -0.662741356242817        2.15974865823069     
   6.41809551600682      -5.186136701943624E-002 -1.528274104869549E-002
  0.938697783268811        3.62319021332032        7.20592269278849     
 -0.942465179384271      -0.932128670645335        3.23784042863030     
   7.17637250182212        4.67456952511567       1.697195192966081E-002
  -2.16699540844907      -0.372238239786695        11.4013795306650     
   2.07433555240650        1.77984570208692        8.70197759066414     
   1.49137554723561       0.801131778062907        1.26131217237912     
   6.88047098153630        5.67883875711488       5.515692276480776E-002
   5.91847431584999        12.3796362561152       -1.00172110246096     
  -1.29144020039152       -2.52266383105369       -2.34778964062862     
   2.48532309066399     
   9.79378900301112        5.35811166047856       0.466609216057837     
 -0.924671926380427        1.21816450829061        5.84445656637163     
   10.6842969218864       -1.79371432951558        2.76305873846413     
   6.67193719891631      -0.319263698013404       0.472021741118840     
   1.37923049647088        4.26602300540978        6.78107208146690     
  -1.99965054562147      -0.174126503048833        3.27554606429736     
   7.99733939764512        3.39457289122514       -1.42664378246908     
  -1.44717979083460      -0.984800994146387        11.1171692774654     
   3.78466298736216        1.76106911864054        8.58916863670703     
   1.41620997243690       0.696686396587844        1.84289630536185     
   7.34673085208859        5.34574424484362       0.196670501302130     
   6.10970198509752        11.3668892894624       -4.17315895889842     
   1.09174793213261       -1.93288998211356       -2.04499325334245     
   1.53178194476775     
   10.1509589702729        4.61695579837606       -1.74133753544305     
 -0.321559994998191        1.38445985367289        6.67651507263164     
   9.49042940349095       -2.82927970665961        3.43116906372192     
   7.06689794664558      -0.656159352627992        1.01040387980850     
   1.93659642247964        4.94927543272860        5.96637998662150     
  -2.83089552898159       0.621547955349531        3.68002154038619     
   8.42290653048439        1.54837222941373       -2.05207677393062     
 -0.621984551069787       -1.13339185086792        10.7067956805551     
   5.51705760855006        1.55863344504375        8.34272032609665     
   1.37492936242487       0.671720314742195        2.39784082031119     
   7.88426625170463        4.82412712291824       0.278269191466957     
   6.31462872348983        9.68507306716457       -5.33440937241238     
   4.35723646178677      -0.948779498161095       -1.40782447969682     
  0.919484229529523     
   10.2934253700277        3.16136573456963       -3.17271578026667     
  0.416243044477481        1.79017820851514        7.44204016661784     
   7.79661473215866       -3.67567942033917        3.91156963786843     
   7.59954190798082       -1.04028151141346        1.60836416241764     
   2.67450596644383        5.59545307876862        4.71268796826438     
  -3.38815042097738        1.22702408007331        4.47849874421947     
   8.35044006263120      -0.564225151147116       -1.72708766206165     
 -6.232892359278687E-003 -0.815580913000340        10.3036945490833     
   6.91718581156175        1.21860550568594        8.04583054436378     
   1.46130914021419       0.699943798753020        2.94497833036508     
   8.43076711524845        4.08271692022881       0.323629689520507     
   6.50905255731724        7.92183630685324       -4.94765604668316     
   6.87044495636369       0.688280190995749      -0.879166453299891     
  0.748834347338448     
   10.3461615046860        1.30294053014124       -3.63629480331232     
  0.847991333914634        2.51466246480637        8.13713134700803     
   5.51248145038878       -4.30397362840018        3.91589189194490     
   8.21067952928029       -1.33397392469614        2.24785586338043     
   3.64845974874750        6.05295677285231        3.01197522978968     
  -3.63357489059268        1.41613754258020        5.47020994453284     
   7.65739710886313       -2.53020056670215      -0.604926725528113     
  0.382521562343727      -0.228476777545893        10.0535920741945     
   7.78362930131592       0.788137163960868        7.80710525433195     
   1.71860537212269       0.744486146658231        3.49061773110166     
   8.90970042225430        3.10589625413694       0.381701759403907     
   6.69047263169317        6.42975797330035       -3.91702708451577     
   8.19343625592653        2.42734397816397      -0.937390382835766     
  0.789064188957549     
   10.3426062895334      -0.475953648077982       -3.19459103212826     
  0.816482126429133        3.33269696164982        8.63293525971834     
   2.63436617794890       -4.60034361005373        3.19314160874254     
   8.80363350838606       -1.26556996038591        2.85786022228235     
   4.84090328374527        6.06780703352616       0.969931838482370     
  -3.48444122534555        1.09998661112438        6.31767529413357     
   6.38928539472443       -3.96026039325562       0.896078137165734     
  0.840091532526931       0.504390780664366        10.0481118787846     
   8.04670177105574       0.299974057937764        7.70405497246581     
   2.15517511177893       0.774804737619046        4.02562591761595     
   9.23456070431877        1.92074347754163       0.518701817014337     
   6.87438112947306        5.30183401440444       -2.80220681333311     
   8.69082312597470        3.61887816311629       -1.61743032933184     
  0.754701853636986     
   10.3076900335408       -1.68206685314643       -2.05910363965633     
  0.595333427546394        3.99967901257773        8.70360486692880     
 -0.528824292503292       -4.23197612764536        1.72940003413720     
   9.24320552055279      -0.494249095418208        3.32523018285165     
   6.06057198656681        5.34666351088641       -1.07988526199182     
  -2.85567373235348       0.447758820801101        6.79216017404703     
   4.85356175876046       -4.70102320280795        2.22664676687147     
   1.66401758713260        1.42343286462120        10.3013495853046     
   7.64242996825868      -0.215265655385647        7.75431795456775     
   2.76547117092973       0.766783545705787        4.52722928029329     
   9.32327444624326       0.614556480922167       0.788136979266506     
   7.09142980964071        4.48637218302165       -1.80036839093719     
   8.82271665298659        3.95291656260615       -2.63121480067924     
  0.491486647098996     
   10.2557998107503       -1.94471354043856      -0.617967479601473     
  0.607579606914388        4.51611617876050        8.17720475265345     
  -3.33118742572760       -2.83039579727832       9.860626148758855E-002
   9.39609318395153        1.15054544268196        3.57051932312915     
   6.93853878155564        3.79946967569534       -2.60260438954823     
  -1.86310298284753      -0.146575263520819        6.94552120902308     
   3.39177075692682       -4.88075801713058        2.98794502320188     
   2.91589350584010        2.65583139830690        10.7011148143845     
   6.43790999759531      -0.692335303135460        7.90100824589036     
   3.52850461310694       0.699201509490208        4.96562120654655     
   9.12380776629736      -0.678056231876550        1.19038676434245     
   7.38738628036671        3.88202931072544      -0.945427045455822     
   8.85910251290106        3.42407204613222       -3.64011930636682     
 -9.992855619171036E-002
   10.1211034523670       -1.11142899923973       0.594549199098491     
   1.02609314162959        5.02318891143542        7.01836063509959     
  -5.15936296527660      -0.555843512763566      -0.605609184731277     
   9.30410001508768        3.34827422161475        3.59128973088760     
   7.13569139454331        1.77209238159209       -3.19462014676014     
 -0.889255011462995      -0.354877227156482        6.98999642330484     
   2.12484265399574       -4.72314545846623        3.06188700032449     
   4.45893852728741        4.35748771367681        10.8888158500591     
   4.27203929663653      -0.979371463930156        8.01315134241498     
   4.37733351855674       0.561610939859535        5.31636983317977     
   8.63710524538102       -1.82478159839805        1.64854272894026     
   7.80716195811158        3.39337895664020      -0.232107674265331     
   8.88547852912354        2.20105964036383       -4.33326874418438     
  -1.10251440150437     
   9.69757968849678       0.686221590378758        1.12610521461358     
   1.66477198417059        5.55644474647172        5.31723036827930     
  -5.89343290804949        1.67435469068072       0.318183648441421     
   9.23730694486533        5.32753166285122        3.35092824652848     
   6.61407918228613      -0.105774664227108       -2.89515728690579     
 -0.242038454963100      -0.162030194504583        7.05774938315029     
  0.996990249645090       -4.36698976668374        2.52741463007087     
   6.05966012529697        6.58246608938461        10.0925859253852     
   1.19636632859488      -0.855727638293473        7.96955309996509     
   5.16072871969710       0.378833424123226        5.57761695397348     
   7.91365136266546       -2.75371069022019        2.02624764838730     
   8.36156667674222        2.96531595938737       0.344775716739122     
   8.88220947035330       0.580791577098899       -4.40221996361802     
  -2.45678557553204     
   8.74701517253118        2.98983896710202       0.871814334406630     
   2.22899624172095        6.03102548392000        3.25998946355959     
  -5.88846581472339        2.88272949931384        2.52367984129265     
   9.45743897555015        6.27980250142725        2.71471202376757     
   5.73137880030577       -1.34657359688464       -2.08009541385331     
  0.112220577261616       0.261570712773427        7.15103051437737     
 -5.062845553871415E-002  -3.82412978668566        1.58327547480558     
   7.40021012611692        8.93214191712640        7.23885288494385     
  -2.03967153554025      -0.388700024646362        7.84627324688463     
   5.70099510788114       0.207992876281042        5.77402009235219     
   7.01802719060235       -3.47577984528152        2.17728876188873     
   9.00579040633747        2.60548475970807       0.790567350268900     
   8.80019650986183       -1.01723365719937       -3.59609697425083     
  -3.78608955093346     
   7.33071392311454        5.14802244364529       0.156444646215952     
   2.61865090231031        6.36717651459871        1.06777961876609     
  -5.50510120714583        2.72802374580157        5.03339629044655     
   10.0238958399794        5.65680725834614        1.72233901261316     
   5.04539353767606       -1.84712593418050       -1.12958493298872     
  0.379572832909805       0.792444876506688        7.21851498031062     
  -1.00162276759695       -3.03247583641752       0.541351617148497     
   8.15307845921264        10.3497184043085        2.07673624590687     
  -3.82619899912458      -0.430860380367292        7.76099161187411     
   6.03736387341868       7.846700399804704E-002   5.93637967296712     
   5.99575625534476       -4.05510340796305        1.98610635598038     
   9.65021793753680        2.39571092209486        1.11662793487032     
   8.61492296422215       -2.13874930535106       -1.94564550331268     
  -4.49853644613810     
   5.90956241827658        6.70770888659147      -0.516030109802692     
   2.92907193730727        6.51925807690396       -1.05085137273110     
  -4.78260760437271        1.51414355606356        6.87881331684902     
   10.6899549845758        3.38094568615722       0.850595411352653     
   4.83658357519979       -1.77802381819866      -0.241249741561485     
  0.705419425741101        1.39771882156616        7.19894659099720     
  -1.78235475306121       -1.95383504186842      -0.226554256999679     
   8.27201682566712        9.90236514106850       -3.50506946683551     
  -2.73819873796384       -1.40323805569477        7.39982740741369     
   6.52564885997356       2.515864206658200E-002   6.08451638713517     
   4.86569194974760       -4.55343837975169        1.37914120478461     
   10.1796881142649        2.48576732034203        1.33073990959256     
   8.34491114601499       -2.49023793503494       9.226709870352340E-002
  -4.25334341437380     
   4.91686919886916        7.62756865279166      -0.848013293295081     
   3.25150300305986        6.44403831375817       -2.87379184215581     
  -3.53515520833727      -1.788667734111796E-002   7.52572671758633     
   10.9777477131732       0.150655989815879       0.727822151046756     
   4.92115267604479       -1.38382201688905       0.517579021844457     
   1.13571878719413        2.07764439834994        7.03139785570506     
  -2.31640285183431      -0.659387949617486      -0.432265441580103     
   8.11780557023378        7.81740241162054       -6.99653613656453     
  0.646539504344460       -1.54760582290543        6.83798133653159     
   7.23854055978357       0.146590246920462        6.21679262044912     
   3.61299671992203       -4.97715704316462       0.328262817844970     
   10.4420161169042        3.05713030152629        1.41720575561189     
   8.03453225988513       -2.06966842940612        1.89286945839073     
  -3.22616807075011     
   4.44803908005545        8.07790102882582      -0.833481832806172     
   3.59877269074034        6.11370142686570       -4.16558125342704     
  -1.71873954742952      -0.996794577397668        7.21933628553692     
   10.5899434113205       -2.78008175706543        1.52154702173452     
   5.14410378784100      -0.932365534059586        1.13506211475008     
   1.66741453119935        2.82321276349366        6.66318987619790     
  -2.57975148675962       0.668340618983866       3.737729995526833E-002
   8.07419122475687        4.94608942109187       -8.05302984429654     
   3.67613525510996       0.609620113598161        6.75763771185226     
   7.62628428851874       0.402416234548602        6.28989932339439     
   2.22679244018898       -5.23264650684078       -1.11355766281328     
   10.2048436032369        4.24005349270641        1.34791353842821     
   7.72699204329835       -1.09044971036064        3.06546205621112     
  -1.86150138845588     
   4.39178585690018        8.21993104043627      -0.599381794566849     
   3.94396580498558        5.55156006425441       -4.79877018729037     
  0.327426700344506      -0.891721923745604        6.75574600079183     
   9.57994160058522       -4.59763032408833        2.75570628052802     
   5.65859038674499      -0.642803348749636        1.64578495272292     
   2.29777058080139        3.60152695931270        6.05502931656017     
  -2.62072613530659        1.81833861342661        1.14009737401186     
   8.15534316448762        1.75392293376863       -7.86375098698969     
   4.33695810827246        4.11354775882106        7.21602686481575     
   7.06324423684097       0.581137196033488        6.27476670023063     
  0.800839177649742       -5.13163571481918       -2.72216811929201     
   9.16745194623792        5.98542588406598        1.18698731388489     
   7.44702858215834       0.178149252671835        3.56149547936092     
 -0.537134497346316     
   4.62538687709404        8.15164438675426      -0.285068109310568     
   4.25447804040949        4.83364733911629       -4.85323426745750     
   2.07207940696362       0.296317995486659        6.71140034337969     
   8.01963473222223       -5.40468485636578        3.73536240176492     
   6.54328241720406      -0.594608599724695        2.10430416671228     
   3.04605071974553        4.34880141963306        5.17752099757286     
  -2.52723686371903        2.63977587875641        2.70236277296996     
   7.96575796263175       -1.61041597276519       -7.03216666953449     
   2.52333168576218        6.99837741969326        8.04298328578055     
   5.25684591426184       0.585648296153961        6.23001100842729     
 -0.463212891320038       -4.50225692115706       -4.07145543969536     
   7.16097544525691        7.97963381087771        1.26717164062214     
   7.16703993770987        1.46366397904838        3.53699749814890     
  0.566322651167693     
   5.07179294353996        7.91748389361095      -7.444412313728159E-003
   4.50954722090629        4.05623363690546       -4.55046420667707     
   3.15315782725426        2.23516187108669        7.05325585858857     
   5.78403967045709       -5.69967106524544        3.95557622214158     
   7.60932457034872      -0.675884341546859        2.55204491964107     
   3.94101306486741        4.95772048017839        4.00955081652267     
  -2.36498586497523        3.07657835257248        4.41558568063462     
   6.92748839038902       -4.68802058149686       -5.20724195800047     
 -0.417750704659462        7.86147173669122        9.15359121027441     
   2.47645917159465       0.557791324395420        6.23150089465503     
  -1.37331548094353       -3.34159584594919       -4.75082670410501     
   4.43832161055085        9.74638638911055        2.15553018564710     
   6.70525563769045        2.43410945518211        3.23106649693640     
   1.44849213170226     
   5.68123019114040        7.50870250226160       0.148929084715065     
   4.71172601028617        3.30351265148680       -4.10957981644836     
   3.51002065927478        4.47136794668724        7.26887814172857     
   2.74440459033923       -5.72022663650420        3.13740431895830     
   8.57937047813181      -0.540812199979705        2.98205139706717     
   4.97116852475945        5.26212089163813        2.56888049653741     
  -2.13159976318681        3.16011545798859        5.89219950176972     
   4.75121268902048       -6.63952058483937       -2.39550020230369     
  -2.42830871128273        6.89214366706740        10.0836571531660     
 -0.414354439876611       0.816556336303698        6.28523545051725     
  -1.86098048712122       -1.85084066789185       -4.68622225578686     
   1.64087754920008        10.8374774791287        4.13633677571057     
   5.65622148733049        2.76375872746161        2.94323287868480     
   2.22183883575630     
   6.38869182251477        6.85519480892573       0.148871042589469     
   4.88739963030830        2.63466375792938       -3.66555404370098     
   3.29331247124324        6.52824201839500        6.66168489644427     
 -0.756558310049885       -5.21344985479877        1.28996155212964     
   9.18988704804004       0.314818581322844        3.30868783199141     
   5.99872969912928        5.06416404706772       0.986301630920546     
  -1.77197855002252        3.00370371255047        6.84001652369610     
   1.80132456263171       -7.09307552444234       0.174131046073215     
  -2.53384781527311        5.54739454837935        10.3670085323679     
  -2.48646188405670        1.51566461057236        6.40047954618002     
  -2.01032701601781      -0.292421750822045       -4.15642477390389     
 -0.611934864059040        10.9417313049494        6.66369806450170     
   3.62247648007541        2.51584411343725        2.96290491224608     
   3.03200474641848     
   7.06158445679416        5.83825541184091       3.466775318819187E-002
   5.06863513310743        2.08178342209084       -3.26897263352913     
   2.73174201803345        8.02833054905542        4.84217910167170     
  -3.68287547844124       -3.86912541972036      -0.919578394243720     
   9.22051981115393        2.19692538639170        3.42735582885970     
   6.72698119288578        4.26727962058902      -0.444385391253013     
  -1.27100420589284        2.79059182309664        7.20172390058022     
  -1.19350702185684       -6.39844040928778        1.38210279837736     
  -1.44900189411635        4.78157425245135        10.0489785074353     
  -3.49051628310957        2.43909816444449        6.63512685594847     
  -1.95573181945496        1.16681618473740       -3.51038433285325     
  -2.03706043989202        10.0476468729936        8.65516555094378     
  0.801054831445717        2.34881539445587        3.40249317248914     
   3.99219366565899     
   7.43726355746909        4.36460009543909      -5.910057914107752E-002
   5.26347809217098        1.64651010516073       -2.92039914270089     
   2.03792250912510        8.85521762423978        2.18008685647721     
  -5.05235992649159       -2.08134010399626       -2.38374675713490     
   8.65392308413203        4.78230659037924        3.34730689882973     
   6.87181933130439        3.03621036380928       -1.39037107717943     
 -0.729962988778831        2.69969772207948        7.09087258952240     
  -3.65540697645529       -4.94699328490712        1.30549734211888     
 -0.218471650117882        4.65624114910691        9.34938762368908     
  -3.73471147762427        3.27733483836549        7.00288884315114     
  -1.76714511864383        2.46424674179596       -2.95360775440841     
  -2.67884287681063        8.53305064705276        9.51584110037148     
  -1.82850899983768        2.82653788512736        4.31772010474439     
   5.12188673065845     
   7.05183652396156        2.53576707261890       4.584326217354338E-002
   5.44913505807008        1.29213523784700       -2.59967046197988     
   1.35893133534118        9.16487987198238      -0.453456857401267     
  -4.79023664576428      -0.693981168389490       -2.68970577474015     
   7.71967507958879        7.34191206276353        3.17329891917015     
   6.38468469091080        1.74250939223529       -1.71811833915905     
 -0.285683300878618        2.80197686340212        6.64105398667081     
  -5.29807426160793       -2.96489672959985       0.765078401592591     
  0.676665992559196        4.96786712318859        8.40688161365451     
  -3.63138079545831        3.85655876086718        7.46587697572615     
  -1.43704421949229        3.56723809663450       -2.54024181653504     
  -2.73599542049059        6.90844259873000        9.51331979433826     
  -3.37040710789356        3.71441105410456        5.90024324400151     
   6.30436650822190     
   5.35840819121179       0.824304475644268       0.406810017121767     
   5.61910294407230       0.952595790980293       -2.27824899445563     
  0.771160636570085        9.21113960950367       -2.33683598252216     
  -3.43511001727349       2.567408189794090E-003  -2.28946373828235     
   6.71196751899703        9.38779061408317        2.93521091188074     
   5.43613195873470       0.726468029860689       -1.55407812346872     
  2.794600730449253E-002   3.05700481541010        5.95148011088795     
  -6.07810549851884      -0.782694736799369       0.564989988510763     
   1.29599880975735        5.51588815439151        7.27329524046428     
  -3.47804342579394        4.12940990982016        8.00262030201653     
 -0.926040733437169        4.42179071434048       -2.25327353675235     
  -2.41748690553542        5.52130213997601        9.18035073768198     
  -3.72283334447733        4.38832963339314        8.13616187762717     
   7.17412099663460     
   2.35417608652401      -4.088525953787270E-002  0.840055410552326     
   5.79945022007106       0.584475615158507       -1.92168544662374     
  0.308557681413014        9.18410137574776       -3.15056851661857     
  -1.58156906141353       0.346720438812462       -1.66281046766826     
   5.86287741022626        10.8186648428446        2.53738510664594     
   4.30243616453557       0.151205310940949       -1.13396818686341     
  0.280461384882841        3.39824033869843        5.10546207704149     
  -6.15826585856376        1.13071553289285        1.06573080137033     
   1.87632904552614        6.13418347147348        5.92845072679325     
  -3.41317106862218        4.08307303357378        8.62701749207031     
 -0.204485668521624        4.93971921761333       -2.06887998208137     
  -1.88953564062416        4.51323475691895        8.83352820094691     
  -3.30864979101717        4.55475809491655        10.5448921027901     
   6.96167381036263     
 -0.746010265807293       0.191076908591424        1.24236221145501     
   5.97419217855719       0.203873685282234       -1.49835684111534     
 -1.293368503647242E-003   9.16596240481249       -2.90558315495033     
  0.246207643772247       0.716383057453964      -0.988411133438959     
   5.32092137872496        11.6953688895541        1.86827905497961     
   3.31261746707075       4.375629881995727E-003 -0.647928461160639     
  0.553074278803844        3.78145555880431        4.17103670608951     
  -5.81877742284798        2.41083701000578        2.19162009411578     
   2.57528457793373        6.64947330477269        4.31544234440023     
  -3.42802299542625        3.68226845907990        9.34342430558977     
  0.728467471793131        5.00175169323376       -1.97721046247309     
  -1.27607820444128        3.90464218104254        8.56240985089127     
  -2.58105518475565        4.36312398361835        12.4466453871460     
   4.91997721868412     
  -2.22172525137517       0.734468949583577        1.80671011858223     
   6.08482587428068      -0.179184129214367      -0.989529319132494     
 -0.119172756546839        9.16211025891366       -1.84334297426290     
   1.64543694413831        1.20484009810483      -0.308281693496290     
   5.15476712103961        12.0874069001294       0.928450777307902     
   2.77346486416528       0.173772182429476      -0.184425004007562     
  0.887047159515526        4.17672005325573        3.18601568589135     
  -5.31913880139679        2.94312698452473        3.67078234658197     
   3.46133727123608        6.81935871926029        2.41987249947069     
  -3.38535064870387        2.88468312662486        10.0817261354211     
   1.83162741970663        4.46743975105051       -1.96436536073411     
 -0.675738645284069        3.66040095700138        8.35936577584321     
  -1.82041421893338        4.10545186537118        13.3959064504521     
   1.36630596542471     
  -1.36746690499398       0.896827040568754        2.48844568762682     
   6.09736377354982      -0.577892485482842      -0.388123063664264     
  3.709986356223834E-003   9.15625572036488      -0.344834347258253     
   2.42272947265101        1.69854927998968       0.367782448643749     
   5.35753017012602        12.0276259773200      -0.134078400037273     
   2.84951431014345       0.555866937906157       0.235334709139561     
   1.28881293411720        4.54926558144662        2.16090964957367     
  -4.80702812282784        2.80355754642935        5.22035122316160     
   4.53637478085564        6.31454982031801       0.396692763464133     
  -3.06921398083022        1.75620561840603        10.6709208773558     
   2.97653143566896        3.22932425754467       -1.96468463724340     
 -0.181095985283456        3.71380231024186        8.20145028494642     
  -1.14798403145178        3.97266455062157        13.3739733894488     
  -2.19937469923679     
   1.13749940887671        1.26391001606870        3.11278793538369     
   5.99154679538902      -0.955369039015255       0.290136526246027     
  0.418925432490187        9.15444843651385        1.16778292524135     
   2.59268849105604        2.08959438388420        1.07221139520188     
   5.87935702266271        11.5055464292628       -1.10764164479233     
   3.48783541306460        1.13372734632174       0.596963434680604     
   1.74470454977554        4.85271379278174        1.10006067914155     
  -4.30427711402809        2.15416580004953        6.58628285563089     
   5.65862299330674        4.82100331646511       -1.34583341775688     
  -2.36703330176490       0.594897787841343        10.9387728004329     
   3.88783846691430        1.35289246023696       -1.81974676258358     
  0.127734527807756        3.96744992367494        8.08170091218338     
 -0.594027694438409        4.01041850631628        12.6631155144289     
  -4.31172742969834     
   3.82254850879116        2.63987259454972        3.68357867715839     
   5.63883727010794       -1.25754614635067       0.989976938191894     
   1.16168855873465        9.19103147901373        2.31449157812825     
   2.30192387947850        2.38774047331317        1.87349613760439     
   6.65492512923835        10.4733569553825       -1.84974993024682     
   4.44804360576244        1.95432557928876       0.858396038375170     
   2.22166754138393        5.03495718198219       3.145121043851723E-002
  -3.73962969170886        1.20565922789672        7.53971006605102     
   6.48933708381936        2.33021528944271       -2.26723275731255     
  -1.49666716459734      -0.196646788723359        10.8909585298568     
   4.20115807091155      -0.787737622947839       -1.34227288091511     
  0.261570358120546        4.30898342532613        8.01298132666594     
 -0.145268019901825        4.17971259467433        11.6408741733625     
  -4.59267067211052     
   5.60000373693177        4.83893261265983        4.00419264205079     
   4.84064577721919       -1.41853172497014        1.61757873009380     
   2.22486644810778        9.28793169207175        2.80677712128491     
   1.77043691934634        2.68143089256348        2.84936478817749     
   7.58320759893095        8.84547473019897       -2.34801360539399     
   5.41166027850231        3.03409144511161       0.951520663666667     
   2.66798744645945        5.05814006673194      -0.972755438656969     
  -3.01117039447733       0.221467193530577        7.95579766925475     
   6.66674032575309      -0.599453465672731       -2.04738665816192     
 -0.847235210575097      -0.475410174375412        10.7054813595088     
   3.70801034421579       -2.61616060322848      -0.525494849887990     
  0.405334664358873        4.67789430757961        8.00121064217236     
  0.224647661565954        4.42042583956371        10.6253938697628     
  -3.65737333029567     
   6.39233958185912        7.07618369727261        3.69960099991848     
   3.63322717721358       -1.33970154990175        2.07306947887092     
   3.53237845455715        9.38871161818457        2.48477272111972     
   1.26365912205491        3.03949337838011        4.06215431705678     
   8.45708025020515        6.51283809757025       -2.64360269332493     
   6.08167263114600        4.28999551442202       0.820822265146787     
   3.03686512190839        4.92595724053730       -1.80762711974478     
  -2.06625891148859      -0.515225858110543        7.93174333762224     
   6.10067430798756       -3.10947201341877      -0.851484430967867     
 -0.462472987896547      -0.395439991994939        10.5369514009510     
   2.52921956772856       -3.70165143878698       0.339386400618711     
  0.799655251882966        5.11466838864160        8.00309327183050     
  0.521423499199297        4.68340078099393        9.80109702465224     
  -2.29023187001936     
